0 
0 
0 
0 
0 
0 
0 
0 
0 
0 
0 
0 
0 
0 
0 
0 
0 
0 
0 
0 
0 
0 
0 
0 
0 
0 
0 
0 
0 
0 
0 
0 
0 
0 
0 
0 
0 
0 
0 
0 
0 
0 
0 
0 
0 
0 
0 
0 
0 
0 
0 
0 
0 
0 
0 
0 
0 
0 
0 
0 
0 
0 
2 
3 
4 
5 
0 
0 
0 
0 
0 
0 
0 
0 
0 
0 
0 
0 
0 
0 
0 
0 
0 
0 
0 
0 
0 
0 
0 
0 
0 
0 
0 
0 
0 
0 
0 
0 
0 
0 
0 
0 
0 
0 
0 
0 
0 
0 
0 
0 
0 
0 
0 
0 
0 
0 
0 
0 
0 
0 
0 
0 
0 
0 
0 
0 
-71 
-608 
165 
30 
-1043 
-1852 
-600 
939 
-1435 
-1048 
1803 
-130 
145 
-1103 
645 
2042 
-244 
-798 
1657 
693 
-158 
1626 
-1483 
-1072 
-1898 
919 
1636 
1875 
1017 
1883 
1060 
-217 
-1364 
-794 
1985 
-640 
-1025 
282 
1058 
-1599 
-1778 
-1859 
-664 
1760 
129 
786 
-1894 
70 
732 
-332 
-461 
1401 
-345 
1505 
1624 
1297 
1737 
1477 
-323 
873 
-272 
-107 
0 
0 
0 
0 
0 
0 
0 
0 
0 
0 
0 
0 
0 
0 
0 
0 
0 
0 
0 
0 
0 
0 
0 
0 
0 
0 
0 
0 
0 
0 
0 
0 
0 
0 
0 
0 
0 
0 
0 
0 
0 
0 
0 
0 
0 
0 
0 
0 
0 
0 
0 
0 
0 
0 
0 
0 
0 
0 
0 
0 
0 
0 
