Classes in the dataset: ['birds', 'fire', 'handsaw', 'chainsaw', 'helicopter']
<<<<<<< HEAD
-3617,-2901,-2377,-405,-1192,-1352,-707,-510,-129,-110,274,505
,558,1394,1619,1487,1734,2156,2420,1153
,4146,1792,421,-2050,-2732,-2238,-1854,-1529,-286,-1275,-324,-76
,-135,-315,289,871,1306,1723,1650,616
,-60,-15,41,6,72,77,62,42,1,47,29,-28
,-67,-16,-72,-53,-34,-25,-15,9
,30,-43,-18,54,39,-17,-11,-22,-19,5,-26,-45
,-69,-85,-40,36,78,56,68,28
,7,-53,-40,82,46,-23,-19,-4,22,44,28,5
,-31,-18,-26,-16,19,-33,-20,30
,-83,-114,-153,37,-102,-97,0,69,172,102,130,73
,-8,101,115,82,74,-104,-107,-188
,-1077,1265,789,-1760,-1699,-652,-738,-371,1017,-35,389,1808
,3091,2779,2124,315,-643,-1425,-2390,-2785
,27,51,102,39,-189,-209,-151,-129,87,87,-52,148
,271,210,72,18,14,-76,-133,-186
,-39,86,94,-52,-59,89,-14,-5,-9,-73,-47,-5
,-32,-70,26,31,19,33,10,17
,-3380,2539,4236,167,191,623,-601,-918,-930,-1234,-2079,-1640
,-970,-238,818,888,1264,710,341,216
,413,-245,-424,-120,87,26,190,81,-50,7,153,77
,-60,-41,74,176,75,-83,-151,-184
,472,-295,-234,22,201,220,294,78,-574,-212,-102,-419
,-447,235,698,655,124,-310,-253,-154
,528,-255,-166,747,458,20,-303,-375,-365,-264,-602,-612
,55,657,495,133,-275,-231,-66,420
,324,-232,-117,418,220,-40,-177,-213,-233,-133,-209,-161
,125,409,228,-21,-228,-118,-39,197
,-496,280,155,-1747,-411,457,1292,905,-374,-81,882,221
,-1228,-988,304,906,895,-37,-173,-761
,-399,195,-241,-2715,-614,715,2059,1476,-431,71,1500,472
,-1862,-1669,350,1464,1520,-5,-413,-1473
,-123,55,-75,-964,-269,186,720,552,-55,107,624,152
,-770,-592,272,599,485,-41,-207,-657
,260,-194,-428,-931,-226,3,622,518,-25,296,899,233
,-611,-243,452,274,-245,-339,-176,-139
,1131,-852,-568,1911,827,-148,-232,-570,-613,-245,-726,-880
,-502,331,1042,1585,1125,-228,-789,-1599
,1289,-956,-678,1783,799,7,-151,-476,-691,-282,-665,-1010
,-678,238,1273,2210,1960,-332,-1343,-2297
,-97,116,-19,-539,-54,147,240,84,-175,-66,293,204
,40,31,2,-451,-658,-23,447,479
,-140,-18,168,-233,-191,-91,86,137,213,166,191,183
,-64,-74,-202,-285,-338,1,190,301
,248,-174,-203,738,188,-86,-403,-279,24,-24,-252,-247
,122,155,128,410,420,-25,-286,-455
,-136,81,172,56,48,-42,-269,-121,120,78,-36,-30
,63,76,-32,-97,-137,-11,11,206
,439,48,-478,-403,475,890,574,-335,-1640,-1001,-393,-180
,460,862,794,-67,-338,-165,212,246
,-838,43,675,1341,-800,-1631,-1754,221,3786,2126,315,175
,-637,-1676,-1624,288,1009,634,-668,-986
,-76,-6,46,179,-175,-416,-445,-31,926,590,277,-263
,-397,-75,111,300,9,-164,-305,-86
,-273,123,105,-145,27,290,239,133,-385,-196,57,475
,374,-567,-770,-427,472,582,253,-366
,162,-146,43,446,-82,-468,-493,-83,841,423,11,-527
,-769,272,596,649,-232,-604,-244,206
=======
-3617,-2901,-2377,-405,-1191,-1351,-706,-509,-129,-110,274,505
,558,1394,1619,1487,1733,2155,2420,1152
,4145,1791,420,-2050,-2731,-2237,-1854,-1529,-285,-1274,-323,-76
,-134,-314,288,870,1306,1723,1650,616
,-59,-14,40,6,71,76,61,41,0,47,28,-28
,-67,-16,-72,-53,-34,-24,-14,8
,29,-43,-17,54,39,-16,-10,-22,-19,5,-26,-44
,-68,-85,-40,36,78,56,67,27
,6,-52,-40,82,45,-22,-19,-3,21,43,28,4
,-30,-18,-26,-16,18,-32,-19,29
,-83,-113,-153,37,-101,-96,0,68,172,101,130,73
,-8,101,114,82,73,-103,-106,-188
,-1076,1264,788,-1759,-1698,-652,-738,-370,1017,-35,388,1807
,3091,2779,2123,314,-642,-1425,-2390,-2785
,27,50,101,39,-189,-209,-150,-128,87,87,-52,148
,270,209,72,18,13,-76,-132,-186
,-39,86,93,-52,-59,89,-13,-4,-9,-72,-47,-4
,-31,-69,25,31,18,33,10,16
,-3380,2538,4235,167,191,622,-601,-918,-930,-1233,-2079,-1640
,-969,-237,817,887,1263,710,340,215
,412,-245,-423,-119,86,26,189,81,-50,7,152,77
,-60,-41,73,175,75,-83,-150,-183
,472,-295,-233,21,201,220,294,77,-573,-211,-102,-419
,-447,235,698,654,124,-309,-252,-154
,528,-255,-166,746,458,20,-303,-375,-365,-264,-602,-612
,55,656,495,133,-274,-231,-65,420
,323,-232,-117,417,220,-40,-176,-212,-232,-133,-208,-161
,124,409,228,-20,-228,-117,-38,197
,-495,279,154,-1747,-411,456,1292,905,-373,-81,881,221
,-1227,-988,303,906,894,-36,-172,-761
,-398,195,-240,-2715,-614,715,2058,1475,-430,71,1500,472
,-1862,-1668,349,1463,1520,-5,-412,-1473
,-123,55,-74,-963,-268,185,720,552,-55,107,623,151
,-770,-591,271,599,485,-41,-207,-657
,259,-194,-427,-930,-226,2,621,518,-24,295,899,233
,-610,-242,451,273,-245,-338,-175,-139
,1130,-852,-568,1911,827,-147,-232,-570,-613,-245,-726,-879
,-501,331,1041,1585,1125,-228,-789,-1598
,1288,-956,-678,1783,798,7,-151,-476,-690,-281,-664,-1009
,-677,238,1272,2209,1960,-331,-1343,-2296
,-97,115,-18,-540,-54,146,240,84,-174,-65,293,202
,39,31,2,-450,-657,-24,446,480
,-139,-17,167,-231,-190,-90,85,136,213,165,190,183
,-64,-74,-202,-286,-337,3,190,298
,248,-174,-203,741,188,-86,-403,-278,23,-25,-251,-245
,122,155,128,407,417,-22,-282,-460
,-136,81,172,56,48,-42,-269,-121,119,77,-35,-28
,63,75,-32,-97,-136,-9,11,204
,439,48,-477,-402,477,890,572,-337,-1643,-1002,-390,-178
,462,862,792,-66,-335,-165,210,245
,-838,44,674,1337,-800,-1629,-1752,221,3784,2126,315,174
,-637,-1677,-1620,288,1006,632,-668,-980
,-72,-7,46,186,-172,-419,-443,-27,920,584,278,-261
,-398,-69,115,293,1,-158,-294,-100
,-278,129,98,-154,31,306,238,126,-389,-197,50,483
,390,-581,-785,-434,489,596,245,-365
,170,-151,34,423,-93,-470,-483,-68,868,432,-7,-569
,-787,297,619,674,-239,-642,-261,252
>>>>>>> 4350d2381a0504de886e280a4af56addc10c8827
