Classes in the dataset: ['birds', 'fire', 'handsaw', 'chainsaw', 'helicopter']
test
-3630 -3655 -3638 -3658 -3579 -3663 -3721 -3642 -3567 -3528 -3527 -3565
,-3601 -3608 -3657 -3631 -3595 -3644 -3615 -3619 -2925 -2939 -2846 -2969
,-2862 -2902 -2945 -2939 -2816 -2842 -2834 -2894 -2854 -2892 -2916 -2965
,-2895 -2939 -2889 -2962 -2452 -2418 -2338 -2376 -2353 -2371 -2427 -2360
,-2330 -2325 -2326 -2344 -2304 -2373 -2402 -2383 -2405 -2408 -2401 -2453
,-412,-418,-339,-389,-375,-437,-418,-441,-379,-358,-339,-334
,-377,-399,-400,-447,-402,-456,-465,-517 -1178 -1197 -1164 -1186
,-1135 -1227 -1285 -1168 -1198 -1192 -1173 -1136 -1142 -1164 -1208 -1237
,-1196 -1215 -1218 -1218 -1414 -1322 -1368 -1351 -1343 -1365 -1393 -1285
,-1337 -1259 -1289 -1310 -1300 -1310 -1437 -1405 -1406 -1382 -1405 -1356
,-771,-689,-724,-697,-698,-681,-735,-639,-655,-632,-643,-658
,-660,-718,-778,-719,-712,-755,-778,-796,-573,-500,-535,-531
,-472,-534,-499,-467,-497,-493,-380,-424,-452,-530,-512,-505
,-510,-573,-570,-639,-175,-108,-145,-172,-161,-116,-140,-124
,-126,-117,-81,-122,-120,-117,-102,-129,-108,-81,-140,-206
,-121,-62,-78,-138,-99,-94,-139,-162,-62,-82,-50,-115
,-117,-92,-117,-113,-99,-109,-142,-214,195,206,239,273
, 307,335,270,331,358,394,348,322,267,229,245,223
, 257,260,243,179,440,463,497,508,549,578,507,534
, 593,602,600,612,496,441,458,477,492,419,408,428
, 482,505,570,574,626,603,652,634,651,621,689,652
, 540,482,514,499,486,433,482,474,1281,1280,1346,1420
,1454,1495,1566,1599,1556,1506,1477,1458,1295,1280,1294,1324
,1314,1293,1346,1301,1591,1540,1614,1696,1705,1791,1775,1751
,1764,1688,1617,1588,1534,1487,1510,1540,1567,1540,1537,1551
,1437,1415,1518,1589,1617,1641,1540,1563,1590,1535,1451,1467
,1457,1416,1429,1460,1422,1427,1404,1369,1679,1609,1700,1783
,1794,1799,1673,1774,1866,1740,1724,1772,1764,1668,1723,1740
,1774,1745,1699,1649,2033,2053,2093,2225,2169,2200,2082,2222
,2251,2158,2164,2197,2176,2118,2104,2208,2218,2175,2145,2125
,2334,2312,2357,2435,2434,2413,2371,2475,2506,2438,2448,2485
,2451,2343,2403,2474,2477,2432,2420,2393,1142,1084,1099,1179
,1132,1196,1114,1178,1237,1211,1186,1213,1243,1054,1044,1158
,1151,1137,1164,1134
,4233,4154,4177,4183,4178,4153,4205,4168,4157,4130,3989,4055
,4053,4082,4100,4166,4161,4142,4185,4245,1873,1780,1803,1830
,1851,1829,1845,1719,1773,1759,1726,1690,1729,1692,1767,1802
,1841,1837,1835,1858,456,435,379,444,396,419,445,418
, 403,435,384,382,400,349,408,407,472,447,439,494
,-1945 -1971 -2032 -2065 -2084 -2053 -2052 -2040 -2017 -1981 -2043 -2092
,-2068 -2132 -2149 -2101 -2053 -2056 -2017 -2055 -2648 -2672 -2695 -2687
,-2703 -2692 -2739 -2716 -2704 -2703 -2843 -2840 -2827 -2801 -2819 -2769
,-2734 -2697 -2704 -2641 -2227 -2192 -2171 -2210 -2298 -2172 -2243 -2237
,-2203 -2213 -2272 -2285 -2339 -2298 -2289 -2309 -2291 -2177 -2232 -2099
,-1811 -1800 -1833 -1841 -1827 -1827 -1834 -1857 -1835 -1832 -1896 -1919
,-1891 -1933 -1960 -1889 -1850 -1838 -1854 -1759 -1512 -1501 -1497 -1491
,-1534 -1513 -1491 -1536 -1475 -1479 -1560 -1592 -1569 -1571 -1640 -1580
,-1569 -1538 -1511 -1427,-253,-199,-216,-274,-303,-265,-273,-303
,-259,-275,-350,-403,-327,-320,-359,-315,-305,-275,-222,-217
,-1218 -1214 -1217 -1262 -1267 -1272 -1262 -1245 -1197 -1281 -1300 -1380
,-1288 -1334 -1346 -1304 -1300 -1308 -1265 -1232,-263,-296,-284,-286
,-333,-327,-283,-254,-259,-305,-369,-435,-401,-395,-437,-332
,-351,-309,-308,-244,-38,-54,-52,-61,-71,-50,-15,,4
,,10,-52,-116,-134,-134,-131,-154,-106,-139,-112,-91,-30
,-141,-156,-70,-113,-137,-101,-28,-35,-70,-119,-153,-215
,-166,-172,-205,-201,-221,-216,-96,-81,-363,-362,-264,-247
,-282,-181,-139,-134,-203,-307,-362,-409,-461,-463,-455,-384
,-436,-341,-262,-243,313,343,413,409,401,463,434,390
, 304,221,172, 97,120,111,180,235,201,313,316,343
, 898,955,1029,1052,1013,975,949,905,868,838,805,741
, 740,774,815,769,725,800,823,939,1343,1394,1412,1450
,1427,1325,1313,1320,1275,1241,1199,1187,1166,1198,1298,1233
,1293,1346,1292,1411,1738,1866,1876,1913,1805,1724,1659,1774
,1651,1653,1643,1606,1541,1629,1664,1709,1724,1726,1685,1876
,1668,1780,1782,1799,1726,1612,1621,1714,1563,1585,1570,1510
,1539,1549,1613,1611,1655,1691,1642,1770,676,783,774,724
, 671,639,652,658,601,626,528,465,436,432,482,559
, 583,638,647,749
,821,918,1004,685,622,643,453,176,135,-20,-340,-448
,-376,-601,-695,-934,-968 -1015,-696,-563,1466,1550,1754,1481
,1359,1231,1011,637,444, 81,-228,-474,-503,-912 -1247 -1517
,-1832 -1890 -1406 -1296,1770,1858,1999,1741,1682,1485,1286,887
, 563,209,-197,-344,-266,-965 -1446 -1759 -2160 -2222 -1798 -1510
,1671,1828,1994,1723,1512,1242,1094,980,652,370,-193,-387
,-486 -1008 -1389 -1581 -1968 -2181 -1984 -1758,1651,2113,2427,2207
,1786,1376,1293,1216,940,637, 31,-511,-712 -1311 -1481 -1543
,-2025 -2335 -2253 -2073,1693,2120,2534,2266,1952,1691,1556,1243
,1016,590,-67,-604,-709 -1348 -1651 -1777 -2289 -2462 -2290 -1925
,1561,1870,2293,2035,1765,1566,1451,1239,966,573,-16,-494
,-757 -1247 -1490 -1669 -2137 -2407 -2156 -1709,1579,1923,2228,1868
,1729,1566,1414,1176,977,491,-87,-486,-653 -1249 -1542 -1737
,-2096 -2433 -2120 -1711,1405,1673,1898,1546,1399,1345,1354,1143
, 823,387,-149,-512,-656 -1036 -1315 -1529 -1894 -2255 -2015 -1597
,1634,1921,2081,1674,1439,1336,1415,1361,937,521,-191,-596
,-684,-978 -1142 -1595 -2055 -2359 -2140 -1633,1592,1994,2215,1856
,1460,1285,1366,1280,819,460,-179,-617,-749 -1137 -1232 -1516
,-1986 -2403 -2178 -1758,1837,2239,2475,2116,1570,1367,1459,1339
, 932,387,-208,-699,-875 -1348 -1510 -1762 -2395 -2799 -2612 -2075
,2030,2435,2520,2045,1692,1445,1620,1492,1017,254,-454,-857
,-1040 -1374 -1600 -1926 -2584 -3096 -2868 -2096,2130,2530,2580,2071
,1691,1603,1797,1639,1150,395,-351,-854,-972 -1185 -1524 -1940
,-2719 -3270 -2958 -2133,2054,2523,2660,2252,1737,1557,1755,1572
,1074,302,-498 -1043 -1173 -1487 -1689 -2046 -2677 -3248 -2893 -2173
,1959,2440,2523,2003,1587,1411,1479,1372,834,249,-541 -1083
,-1195 -1371 -1435 -1694 -2336 -2869 -2479 -1916,1936,2335,2436,1898
,1488,1393,1431,1318,852,294,-518,-964,-978 -1141 -1330 -1657
,-2320 -2779 -2440 -1939,2058,2499,2673,2165,1634,1520,1638,1462
, 888,330,-474,-942 -1056 -1283 -1464 -1797 -2513 -3066 -2675 -2085
,2145,2534,2690,2101,1560,1525,1633,1511,980,357,-503 -1012
,-1060 -1267 -1464 -1810 -2521 -3077 -2637 -1975,2099,2492,2456,1918
,1423,1327,1454,1418,962,349,-526,-982,-951 -1124 -1232 -1543
,-2268 -2830 -2510 -1762
,697,367,-419,-996 -1132,-578,113,488,541, 82,-50,,1
, 416,991,1100,715,-102,-668,-734,-236,598,371,-667 -1421
,-1633 -1054,-185,447,603,152,-176,-123,458,1220,1540,1099
,,85,-631 -1033,-513,820,323,-801 -1475 -1462,-738, 21,342
, 188,-353,-575,-139,701,1585,1830,1093,-31,-672,-746,-266
, 912,1023,239,-779 -1497 -1399,-692,223,547,204,-485,-656
,-239,1007,1909,1834,909,-225,-954,-793,596,1470,1015,-457
,-2127 -2651 -1558,318,1512,1419,148,-919 -1242,144,1737,2645
,1830,132 -1531 -1694,685,1095,312 -1005 -2232 -2234 -1161,349
,1245,975, 45,-489,-542,636,1699,2174,1189,-281 -1425 -1370
,1041,1344,164 -1207 -2286 -2007,-741,679,1307,708,-444 -1054
,-665,841,2056,2199,946,-516 -1485 -1098,1050,1178, 59 -1297
,-2263 -1916,-641,633,1173,690,-493,-926,-449,987,2054,2077
, 833,-645 -1511 -1033,1190,1132,-65 -1402 -2122 -1605,-260,882
,1114,328,-822 -1125,-424,1225,2165,1880,552,-759 -1436,-830
,1627,1659, 66 -1667 -2552 -1721,-34,1439,1459, 95 -1385 -1809
,-700,1404,2715,2416,675 -1012 -1688,-885,1431,1655,297 -1506
,-2745 -2147,-352,1357,1834,739,-823 -1721 -1062,904,2401,2462
, 894,-967 -1892 -1281,1525,1840,335 -1646 -3008 -2417,-436,1496
,1899,669 -1124 -1977 -1201,1065,2776,2801,1060 -1054 -2104 -1397
,1801,1930,-18 -2204 -3295 -2212, 70,1933,1982,271 -1739 -2261
,-969,1559,3154,2798,619 -1475 -2203 -1116,2001,1947,-186 -2585
,-3592 -2230,354,2246,2094,162 -1970 -2409,-884,1816,3410,2849
, 428 -1780 -2321 -1055,1864,2019, 70 -2307 -3593 -2501,-33,2099
,2344,662 -1453 -2259 -1145,1520,3304,3082,783 -1555 -2408 -1303
,1976,2114,182 -2124 -3385 -2273,231,2197,2352,639 -1522 -2257
,-1025,1576,3354,3106,761 -1539 -2415 -1221,2094,2167,110 -2176
,-3212 -2027,451,2290,2248,406 -1626 -2205,-858,1668,3406,2944
, 702 -1505 -2263 -1052,2083,2158, 73 -2259 -3362 -2082,483,2378
,2423,478 -1747 -2365 -1047,1534,3317,3014,759 -1462 -2252 -1000
,2300,2292,104 -2392 -3505 -2122,664,2647,2615,477 -1954 -2596
,-1104,1706,3572,3190,674 -1649 -2447 -1115,2409,2441,185 -2541
,-3685 -2292,593,2810,2764,513 -2026 -2827 -1272,1747,3761,3276
, 640 -1887 -2733 -1319
,275,715,905,398,-350,-844,-865,-546,-90,181,-167,-527
,-664,-248,359,856,862,612,-111,-612,294,846,1220,607
,-242 -1110 -1233 -1033,-364, 71,-198,-795 -1111,-652,203,975
,1178,882, 19,-609,462,1095,1215,530,-420 -1039,-932,-599
, -33, 23,-604 -1431 -1389,-682,371,1143,1196,726,-30,-403
,-464,568,1346,1343,570,-391 -1103 -1049,-323,389,217,-708
,-1302 -1329,-568,639,1515,1582,750,-36 -1098,-10,1557,2226
,1488,-306 -1999 -2382 -1360,434,1310,392 -1121 -2049 -1532,-39
,1711,2404,1452,-162,-437,448,1592,1735,944,-772 -1944 -2059
,-1113,131,575,-205 -1267 -1603,-904,302,1584,1882,973,-321
,-573,704,1935,1760,636 -1046 -2000 -1724,-560,654,659,-519
,-1656 -1825,-883,588,1800,1798,555,-686,-415,833,1984,1717
, 523 -1046 -2008 -1602,-582,550,485,-582 -1685 -1633,-661,734
,1812,1722,460,-680,-270,1048,2014,1625,205 -1205 -1798 -1167
, -86,799,530,-817 -1824 -1686,-438,911,1782,1536,131,-856
,-481,1256,2464,1907,223 -1564 -2195 -1266,465,1537,839 -1033
,-2387 -2317,-695,1138,2298,1846, 69 -1225,-636,1016,2336,2183
, 577 -1530 -2468 -1806,-129,1387,1271,-441 -2096 -2323,-868,866
,2151,1996,305 -1223,-820,991,2496,2387,660 -1706 -2740 -1963
, -60,1550,1312,-671 -2542 -2769 -1061,1013,2453,2300,488 -1224
,-689,1368,2799,2215,143 -2189 -2993 -1660,502,1904,1151 -1229
,-3035 -2846,-798,1445,2675,2135, 57 -1566,-497,1767,3141,2314
,-104 -2610 -3232 -1590,821,2210,1190 -1449 -3333 -2938,-752,1704
,2883,2137,-226 -1802,-714,1506,3113,2505,257 -2382 -3347 -2061
, 334,2018,1405 -1055 -3048 -3033 -1045,1388,2851,2386, 55 -1653
,-697,1459,2991,2433,192 -2336 -3248 -1842,494,2080,1409 -1040
,-3062 -2921,-956,1428,2807,2238,-45 -1712,-510,1628,3075,2371
,,59 -2344 -3077 -1574,764,2147,1324 -1193 -3049 -2908,-837,1524
,2811,2071,-147 -1763,-529,1699,3096,2397,-71 -2519 -3291 -1668
, 740,2339,1514 -1159 -3161 -3101 -1058,1474,2708,2037,-225 -1871
,-544,1845,3321,2436,-132 -2739 -3467 -1717,905,2568,1597 -1237
,-3392 -3219 -1021,1674,2934,2158,-304 -2058,-661,1943,3503,2699
, -47 -2796 -3668 -1866,957,2691,1691 -1222 -3511 -3339 -1040,1837
,3310,2487,-254 -2124
,1138,979,706,245,-80,-280,-919 -1553 -1929 -1956 -1586,-823
,-118,500,815,780,765,752,698,198,1766,1498,1310,712
, 208,-316 -1120 -2129 -2639 -2727 -2379 -1579,-657,299,832,986
, 954,949,1062,692,1370,1230,1140,1040,639,132,-698 -1976
,-2648 -2848 -2728 -2020 -1249,-411,194,537,848,1250,1728,1403
,1119,1067,935,1163,985,733,300,-678 -1732 -2523 -2989 -2550
,-1917,-660,107,548,946,1528,2190,2169,2015,1913,1406,878
, 277, 38,-149,-870 -1835 -2964 -3614 -3080 -1858,-209,725,818
, 682,764,1373,1660,2439,2264,1735,1221,508,-202,-654 -1641
,-2564 -3458 -3658 -2856 -1505,-37,842,984,844,992,1393,1420
,2180,1895,1388,970,647,344,-71 -1069 -2295 -3114 -3197 -2322
,-1327,-41,636,626,661,959,1429,1707,2220,2042,1534,1190
, 728,322,-184 -1275 -2527 -3301 -3182 -2259 -1227, 82,820,1030
, 906,1143,1558,1756,2153,1881,1351,1025,831,692,171,-884
,-1965 -2759 -2740 -1866,-896,154,525,608,705,989,1594,1877
,2014,1465,929,842,877,927,633,-473 -1816 -2904 -2983 -1940
,-1007,-105,176, 73,278,844,1802,2406,2600,2016,1232,739
, 388,357, 48,-832 -2056 -2935 -2838 -1817,-607,641,789,595
, 451,554,1316,1962,2515,1940,1196,667,559,623,349,-660
,-2275 -3384 -3377 -2346 -1031,231,605,395,402,850,1708,2501
,2299,1550,893,524,602,779,483,-802 -2461 -3559 -3462 -2237
,-926,115,329,-57,131,820,1998,2818,2705,1744,1008,794
, 884,950,618,-931 -2621 -3691 -3517 -1983,-638,287,467,-67
, 101,910,2102,2903,2981,2190,1247,851,686,595,273 -1028
,-2710 -3786 -3677 -2110,-695,598,921,304,277,857,1856,2668
,2694,1884,1054,601,489,494,351,-830 -2478 -3440 -3288 -1954
,-618,631,787,175,117,700,1729,2543,2568,1788,1002,718
, 647,699,475,-716 -2386 -3403 -3133 -1942,-611,466,579, 38
, -10,586,1652,2456,2669,1645,730,504,488,437,367,-872
,-2576 -3549 -3305 -1970,-769,384,367,-316,-327,243,1486,2293
,2654,1652,615,415,471,541,394,-913 -2807 -3776 -3440 -1948
,-580,515,472,-305,-315,308,1510,2399,2542,1560,594,222
, 222,498,360 -1060 -3031 -4030 -3695 -2255,-597,572,562,-322
,-324,345,1543,2525
 -1141 -1124 -1048 -1032 -1005,-962 -1043,-848,-948 -1056 -1007 -1209
,-1202 -1187 -1119 -1093 -1192 -1043 -1166 -1112,1019,1158,1306,1389
,1322,1436,1342,1559,1465,1377,1297,1257,1142,1140,1185,1177
,1000,1280,1239,1200,590,705,811,774,871,926,987,1070
,1047,917,800,779,738,650,735,755,551,684,698,684
,-1889 -1705 -1738 -1650 -1716 -1669 -1593 -1401 -1602 -1623 -1665 -1847
,-1906 -2004 -1835 -1862 -1931 -1853 -1854 -1849 -1803 -1700 -1555 -1748
,-1717 -1754 -1656 -1427 -1477 -1515 -1468 -1800 -1891 -1939 -1776 -1773
,-1722 -1761 -1691 -1801,-679,-677,-594,-693,-519,-741,-610,-364
,-395,-565,-580,-748,-821,-910,-752,-654,-707,-736,-596,-709
,-932,-865,-705,-653,-609,-771,-562,-418,-690,-548,-632,-838
,-874,-955,-754,-713,-812,-822,-757,-856,-521,-429,-375,-468
,-315,-329,-142,-53,-153,-141,-279,-487,-549,-587,-319,-339
,-452,-469,-465,-544,926,1030,954,1003,1050,951,1167,1326
,1285,1209,1099,918,887,761,1045,1109,884,954,928,854
,-178, 44, 33, 20,-77,-78, 88,160,135,219, 10,-118
,-269,-209,-25, 62,-161,-131,-112,-115,200,300,275,290
, 409,409,468,630,671,748,542,264,242,218,419,445
, 333,335,309,272,1461,1542,1599,1502,1737,1862,2098,2231
,2365,2392,2254,1829,1656,1693,1867,1736,1679,1635,1556,1454
,2521,2820,2953,2840,3131,3268,3534,3725,3659,3738,3452,3038
,2943,2938,3117,3143,2945,2794,2699,2566,2167,2397,2529,2537
,2856,2954,3332,3539,3336,3283,2789,2297,2327,2447,2776,2851
,2923,2948,2853,2442,1635,1883,1931,2052,2263,2312,2606,2805
,2636,2481,2122,1757,1708,1706,2053,2142,2057,2177,2177,1970
, 107,188,311,338,403,337,452,601,556,525,319, 32
, 142, 99,424,426,156,226,369,286,-538,-735,-754,-788
,-775,-799,-756,-598,-526,-610,-757,-897,-842,-887,-501,-335
,-609,-495,-330,-322 -1106 -1327 -1393 -1660 -1595 -1648 -1585 -1585
,-1410 -1644 -1690 -1882 -1757 -1686 -1321 -1015 -1151 -1178,-899,-974
,-2244 -2289 -2338 -2559 -2529 -2596 -2637 -2563 -2419 -2647 -2786 -2854
,-2732 -2499 -2193 -1790 -2080 -2188 -1946 -1922 -2636 -2765 -2894 -2884
,-3025 -3183 -3021 -2828 -2718 -2982 -3126 -3128 -3033 -2803 -2682 -2312
,-2500 -2465 -2386 -2333
,1246,905,190,-505 -1198 -1472 -1428 -1014,-243,804,1956,2270
,2170,1830,867,-98,-894 -1298 -1746 -1798,2037,1546,527,-417
,-1265 -1875 -1870 -1660,-638,777,2208,2717,2840,2440,1295, -7
,-1153 -1772 -2309 -2409,2312,2206,1272,245,-802 -1622 -2132 -2363
,-1438,-80,1140,1928,2522,2311,1525,712,-262 -1086 -2033 -2320
,2103,2388,1848,1139,187 -1126 -2236 -3082 -3071 -1912,-450,858
,2052,2328,1961,1488,377,-422 -1545 -2105,1710,1437,779,258
,-242 -1109 -2032 -2980 -2812 -1616,179,1536,2658,2691,1750,668
,-858 -1505 -2054 -2238,2152,1619,543,-430 -1203 -1947 -2522 -2930
,-2077,-432,1275,2636,3119,2811,1544,265 -1243 -2052 -2618 -2695
,1516,1348,644,,8,-546 -1488 -2159 -2756 -2166,-714,1119,2200
,2634,2361,1080,190,-836 -1477 -1984 -1991,1821,1615,784,-52
,-760 -1761 -2372 -2751 -2184,-556,1315,2485,2958,2591,1095,136
,-833 -1566 -2252 -2286,1655,1572,1055,403,-374 -1274 -2017 -2270
,-1806,-506,1237,2124,2580,2302,1122,393,-387,-927 -1518 -1623
,1268,1591,1385,992,374,-908 -1926 -2667 -2449 -1268,701,1567
,2244,2045,996,398, 35,-318,-973 -1344,1063,970,610,208
,-217 -1039 -1871 -2386 -1865,-505,1415,2344,2798,2086,699,-245
,-949 -1188 -1479 -1494,1376,1434,1168,958,286,-838 -2047 -2730
,-2280,-895,1213,2389,2968,2547,1196,228,-486,-849 -1253 -1418
,1048,1477,1397,1302,654,-722 -1895 -2573 -2216,-706,1374,2407
,2799,2262,960,195,-273,-352,-751,-973,1049,1536,1522,1310
, 462 -1082 -2333 -2776 -2256,-546,1677,2687,2946,2206,798, 32
,-409,-566,-998 -1065,1174,1296,1160,802, 17 -1277 -2335 -2848
,-2273,-710,1749,2948,3279,2429,886,-237,-823 -1038 -1387 -1368
, 955,1277,1072,940,280 -1027 -2162 -2832 -2394,-978,1274,2508
,2858,2111,703,-246,-727,-820 -1197 -1234,998,1294,1198,1074
, 306 -1008 -2227 -2910 -2621 -1044,1183,2280,2684,1962,637,-197
,-591,-716,-982 -1043,572,875,982,1079,503,-712 -1911 -2787
,-2498,-964,1179,2121,2259,1474,108,-552,-825,-834,-870,-724
, 530,804,860,1102,486,-902 -2220 -3009 -2562,-941,1269,2273
,2419,1502, 33,-724,-938,-845,-935,-861,746,979,823,975
, 313 -1128 -2542 -3261 -2772 -1032,1358,2507,2680,1740,135,-733
,-1131 -1011 -1203 -1164
,-499,-367,908,1458,905,214,-268 -1146 -1423 -1236,-748,-613
,-181,935,1422,1156,585,155,-716 -1321 -1191,-503,1322,1916
,1515,732,118 -1036 -1548 -1101,-961,-750,-147,1301,1908,1807
,1005,280 -1211 -1734 -1946,-646,1349,1795,1614,1236,525,-618
,-1153 -1020 -1056 -1096,-291,970,1465,1723,892,281 -1022 -1131
,-2773 -1511,522,1384,1913,1979,1295,-101,-744,-865 -1513 -2009
,-1117, 29,598,1584,1204,798,-615 -1104 -2303 -1971,-29,1069
,1672,1932,1374,-75,-845 -1122 -1379 -1610 -1176,498,1311,2111
,1744,1021 -1036 -2370 -1823 -1253,730,1387,1717,1761,956,-368
,-1123 -1238 -1443 -1270,-419,1283,1967,2446,1665,678 -1292 -2577
,-2476 -1642,513,1290,1806,1658,1070,-249 -1054,-981 -1165 -1255
,-217,1239,1735,2027,1259,377 -1650 -2556 -2457 -1458,818,1546
,1921,1490,772,-495 -1288 -1035 -1157 -1297,-139,1284,1823,2131
,1348,420 -1599 -2726 -2281 -1505,569,1474,1677,1411,869,-363
,-1074,-949,-877 -1118,-243,1068,1752,1814,953,329 -1437 -2258
,-3285 -2224,315,1473,1830,1974,1165,-169,-873,-696,-878 -1412
,-352,1133,1562,1847,971, 35 -1661 -2208 -2697 -2001, 61,1321
,1868,1589,1015,-375 -1048,-973,-876 -1013,-24,1234,2098,2248
,1172,166 -1952 -2754 -2928 -2298,,4,1535,2295,2030,1301, 49
,-955 -1046 -1000 -1082,-344,1063,2149,2399,1302,205 -1911 -2862
,-3426 -2442,226,1701,2363,2129,1220,-101 -1008,-901,-823 -1207
,-198,1479,2234,2349,1122,-129 -2277 -2946 -3702 -2448,393,1925
,2554,2269,1034,-396 -1147 -1095,-901 -1163, 76,1702,2366,2569
, 934,-406 -2673 -3283 -3534 -2554,314,1804,2528,2504,1214,-188
,-1076,-980,-875,-962,331,1928,2597,2797,1252,-307 -2793 -3490
,-3634 -2665,147,1630,2580,2397,1366, 33,-775,-692,-763,-892
, 147,1755,2269,2609,1139,-418 -2557 -3056 -3721 -2694,150,1790
,2481,2334,1270, 63,-779,-728,-796 -1013,-51,1664,2187,2543
,1188,-328 -2369 -2817 -4005 -2857, 18,1579,2445,2344,1341,264
,-490,-431,-540,-885,310,1947,2308,2570,912,-494 -2652 -3024
,-4048 -2887,,5,1667,2645,2497,1321,134,-614,-637,-614,-983
, 393,2173,2451,2504,825,-767 -2816 -3047 -3865 -2781, 77,2048
,2803,2611,1440,-150,-850,-980,-900 -1065,220,1971,2602,2649
, 947,-648 -2772 -3026
 -3818 -3732 -3586 -3774 -3746 -3596 -3608 -3595 -3542 -3162 -3037 -2990
,-2941 -3034 -3281 -3253 -2895 -3220 -3154 -3645,1855,1953,2278,1991
,2124,2381,2294,2389,2524,2778,3042,3027,3101,3006,2787,2862
,2892,2654,2657,2178,3651,3572,4044,3644,3845,4036,3940,4018
,4215,4554,4903,4596,4658,4754,4366,4451,4677,4394,4363,4035
,,31,-81, 49,-216,-85,104,111,-10,-32,269,446,267
, 245,293,187,530,460,302,460, 14, 21,-138, 46,-304
,-177,163, 82, 85,-52,196,467,325,352,482,326,250
, 508,336,617,246,544,542,592,-88, 74,582,374,611
, 329,620,951,746,724,893,783,609,989,679,1154,742
,-641,-692,-704 -1092,-892,-589,-797,-697,-871,-834,-363,-468
,-498,-390,-751,-407,-227,-453,-94,-564,-705,-986 -1018 -1170
,-1107,-992 -1107 -1166 -1221 -1193,-746,-889,-939,-743 -1087,-668
,-470,-812,-427,-923,-579,-855 -1083 -1126 -1133 -1018 -1135 -1167
,-1350 -1039,-840 -1132 -1000,-865 -1183,-656,-447,-713,-370,-915
,-714 -1032 -1326 -1390 -1241 -1187 -1305 -1403 -1664 -1631 -1286 -1470
,-1628 -1405 -1509 -1039,-765 -1115,-602,-966 -1477 -1794 -1959 -2346
,-2181 -1935 -2122 -2146 -2448 -2347 -2088 -2350 -2293 -2208 -2361 -2036
,-1879 -2015 -1551 -2047,-649,-854 -1258 -1595 -1577 -1369 -1740 -1845
,-2146 -2088 -1853 -2088 -1929 -1859 -2255 -1861 -1418 -1673 -1236 -1509
, 426,-42,-475,-740,-668,-475,-748 -1083 -1312 -1424 -1213 -1614
,-1389 -1420 -1801 -1584 -1090,-950,-652 -1140,776,523,357, 59
, 280,574,142,-266,-463,-501,-338,-798,-640,-453 -1007,-879
,-465,-590,-276,-789,1559,1279,1111,775,1051,1507,957,659
, 582,672,867,423,544,817,288,465,912,732,864,293
,1213,873,635,728,1005,1366,1193,1014,876,948,1150,761
, 726,804,427,776,1159,867,987,247,1377,1128,1079,1301
,1528,1724,1601,1452,1303,1186,1407,1122,1145,1112,1011,1193
,1596,1286,1175,552,841,642,389,516,775,1080,961,1062
, 823,686,982,584,542,609,409,675,1024,740,797, 67
, 762,212,-98,-29,326,608,661,710,427,290,733,320
, 245,185,-93,230,724,345,410,-158,665,379,-49,-159
, 195,726,487,380,163,120,423, 72, 85,-42,-70,133
, 508,226,305,-232
,2324,879,-288,-74, -5, -7, 66, 91,407,400,870,1609
, 753, 81,539,1164,1265,307,-700 -1424,2333,543 -1359,-776
,-703,-616,-500,-833,-223,-352,286,1162,376,-390, 21,448
, 362,-148 -1838 -2701,2063,172 -1205,-121,-339,-342,-647 -1235
,-869,-490,-139,397,-154,-770,309,551,380,-296 -2420 -3315
,2996,735,-901,-113,162,139,293,-704 -1137,-906,-235,226
,-468,-911, 67,240,683,874,-760 -2674,4090,1494 -1152 -1214
,-817,-13,801,151,-433,-694,-237,823,552,-550,-814,-749
, 304,1651,460 -1922,3893,1341 -1120 -1041,-809,-217,450,-323
,-542,-266,263,896,583,-264,-284,-500,265,1069,-402 -2464
,3802,1208 -1499,-699,151,692,1317,-49,-558,-242,171,883
, -66,-856,-551, 35,1110,1633,-201 -2485,3675,966 -1767,-795
,,39,722,1307,-190,-816,-507,103,960, 24,-880,-346,363
, 905,1383,-566 -2955,2978,255 -2220,-675,378,756,946,-311
,-663,-401,-263,582, 36 -1359,-551,667,1032,1384,-613 -2959
,3071,-184 -2633,-637,738,1283,1528,-297,-972,-438,-208,466
,-380 -1800,-701,780,1684,2337,-150 -3347,3798,583 -2386 -1421
, 137,1353,1566, -2,-382,-244,262,1141,298 -1550 -1218,151
,1656,2158,114 -2956,4053,618 -2354 -1284,329,1862,1698,108
,-525,-609,-68,893, 56 -2039 -1710,-124,1788,2314,-136 -3329
,3925,130 -2675,-954,997,2297,2123,308,-656,-713,-144,632
,-809 -2757 -2041,-180,1797,2322,-734 -4073,3555,-583 -3410 -1074
,1050,2521,2466, 93,-347,-290, 16,625,-598 -2779 -1808,246
,2048,2662,-865 -4354,3704,-330 -3574 -1764,797,2238,2603,400
,-260,-119,185,853,-457 -2342 -1710,406,2331,2962,-340 -4110
,3325,-396 -3618 -1913,938,2223,2412,307,-555,-253,373,943
,-512 -1960 -1406,1020,2778,3351, 70 -3616,2831,-901 -3888 -2095
, 665,2108,1881, 52,-506,-298,494,883,-612 -1883 -1202,1205
,2783,3392,-25 -3383,2827 -1249 -4476 -2299,340,1656,1716, 59
,-755,-417,509,677,-996 -2241 -1275,1153,2889,3472,248 -3504
,2862 -1304 -4630 -2463,272,1632,1786,198,-827,-596,393,625
,-1018 -2214 -1330,1160,3198,3276,-132 -3902,2991 -1368 -4717 -2749
, 241,1808,1696,-90 -1029,-592,316,499,-997 -2323 -1498,1283
,3257,3552,,5 -3961
, 60,2055,2378,234,-51,1555,875 -1048,-25,1330,-361,-741
,1230,1690,-782,-355,1920,472 -1300,311,-284,1814,1887,-575
,-544,1022, 83 -2357,-804,622 -1351 -1574,486,653 -1885 -1333
,1043,-502 -2202,-99, 90,2191,639,-836,187,1093,-621 -2036
, 321,120 -1921,-775,724,-417 -1907,-485,826 -1286 -1371,790
,-173,2570,-263 -1100,1015,1810,-714 -1522,1548,315 -2454,-244
,1103 -1102 -2433,668,1337 -1554,-702,2334,-399,2030,1012,-620
, 273,1805,197 -1623,957,1354 -1510,-670,1126,320 -1850,-134
,1532,-408,-805,1435,-128,2457,1159,-489,328,1904,-407 -1747
, 851,927 -1697,-323,1529, 91 -1622,111,1611,-627,-900,1372
, -61,2611,959,-834,547,1971,-351 -1881,1150,956 -1688,-103
,1926,137 -1771,274,2142,-844 -1051,1801,-534,2708,993 -1120
, 153,2007,-323 -2185,887,898 -2309,-667,1539,-20 -2218, 46
,2260 -1115 -1370,1921 -1995,1590,586 -1747,-939,1362,-301 -2808
,,8,728 -2252 -1747,882, -9 -2834,-977,1643 -1368 -2311,1009
,-1354,2124,100 -1997,-18,1606,-835 -2299,1221,969 -2575,-609
,1380,-466 -2572,121,1982 -1546 -1458,1990 -1211,1512,1187,-765
,-601,1372,209 -1750,686,1231 -1385,-851,861,451 -1927,-533
,1587,-995 -1760,639,-589,1872,1554,-27,-110,1539,678 -1417
, 255,976 -1437 -1439, 78,-220 -2843 -1750,132 -2111 -2837,-690
,-135,3223,2351,287,815,2633,1164,-987,1274,1638 -1836 -1508
, 255 -1121 -4071 -2591,-753 -3774 -4405 -1403,-362,3348,2142,606
,1181,3100,1997, 91,2348,2484,-485,-442,1046,-122 -2870 -1745
,,99 -2971 -3840,-898 -1300,2287,1190,-352,552,2916,1648, 35
,2902,2922,-24,807,2129,782 -1636,-61,1643 -1433 -2024,980
,-2097,1289,210 -1255,-391,1707,531,-848,1983,2290,-301,909
,2470,1169,-741,1039,2779,343,-240,2248 -3097,118,-998 -2771
,-1569,453,-746 -1926,880,1335,-830,393,2250,963,-682,1558
,3078,783,397,2895 -4221,-774 -2644 -4222 -2376,-539 -2291 -3113
, 371,393 -1992,536,2521,955,-498,2468,3848,935,807,3638
,-4026,-631 -2700 -4073 -2163,-812 -2511 -3162,291,205 -2122,832
,2800,1144,-315,2735,4009,882,772,3791 -3260,-455 -1970 -3494
,-1911,-318 -1929 -2529,169,251 -1552,545,2160,1187,-400,2292
,3619,936,537,3036
,2038,1031,-236,1261,2042,-138,-944,1451,1135,-649,-140,1172
, 366 -1071,828,1684,-894,-763,1410,983,1517,674,-227,793
,1618 -1104 -1690,692, -9 -1673,-905,143,-733 -1947, 48,920
,-2194 -1676,691,-42,1342,135,361,1444,892 -1448,-817,1176
,-804 -1628,-86,-224 -1187 -1015,609,527 -2256,-777,1070,-635
,2077,-30,1207,2755,1802,-883,333,2657,-647,-899,1916,486
,-750,-40,2273,1358 -1516,887,2502,-553,1749,424,344,1904
,1947,-689,-622,1681,-14,-966,802,958,-741,-829,1468,1462
,-1338,-383,1901,105,1298,-130, 98,1375,1294 -1216,-922,1266
,-430 -1443,586,599 -1307 -1039,1099,1052 -1967,-702,1526,-638
, 948,-754,-308,1234,1038 -1656 -1402,1054 -1093 -2032,602, 99
,-1446 -1238,985,766 -2359,-803,1195,-893,1285,-936,-564,1204
,1196 -2129 -1719,1517,-897 -2248,436, 35 -1669 -1449,1030,981
,-2886 -1328,1584,-946,1002,-496 -1035,744,1581 -1913 -2008,1529
,-126 -2226,-188,264 -1182 -1902,703,1199 -2666 -1775,1752,-562
, 781 -1193,-578,1333,1135 -2415 -1376,1994,-607 -2014,792, -5
,-1850 -1173,1373,915 -2607,-905,2094,-977,252,-781 -1134,357
,1345 -2045 -1758,1074,-228 -1532,-246,-389 -1355 -2021,381,1034
,-2666 -1995,586,-929,934,245,-86,1214,1995 -1044 -1368,1036
, -38 -1312,-358,-603 -1327 -2417,-401,255 -3564 -3366,-455 -1579
,2747,1468,1735,3387,3516,-41, 26,3112,1234,-632,793,115
,-1657 -2365,-162,-346 -4741 -3887,-772 -2426,2281,1458,1980,3258
,3660,837,868,4043,2344,820,2207,811,-731 -1162,227, 90
,-4175 -3277,-323 -2081,462,-784,254,1643,2406,-315,316,3638
,1784,756,2677,893,-506,-685,1373,1224 -3125 -1955,1016 -1165
,-755 -1938 -1015,415,879 -1639 -1253,1942,621,-516,1653,731
,-430,-318,1888,1906 -1602,-622,2402,323 -1652 -2865 -2419,-937
,-555 -2824 -2644,665,-275 -1254,769,642,-486,-137,2248,2503
,-854,329,3158,1096 -2367 -3970 -3038 -1408 -1158 -3630 -3139,667
,-953 -1742,1248,803,-151,491,2937,3506,-224,1211,4502,1795
,-2262 -4265 -2785 -1132 -1191 -3677 -3256,868,-934 -1617,1879,1227
, 116,1156,3107,3723, 12,1286,4598,1837 -1486 -3069 -2248,-315
,-348 -2522 -2130,1309,-105,-748,1974,1772,371,1468,3208,3458
, 446,1338,4034,2002
,872 -1025,664,1756 -1224 -1172,1483,1412,-991,-357,2081,832
,-1180,1548,1491,-985,-635,1842,1219 -1159,348 -1767,146,1273
,-2131 -1831,1252,358 -1598 -1021,1377,168 -1788,1345,1163 -1878
,-759,1636,386 -1327,-288 -1031,912,427 -2524,-427,1722,-670
,-1450, 77,717,-558 -1042,1818,508 -1935,558,1814,-386,-590
,-543,164,2608,1117 -2608,935,2884 -1045,-941,1463,925 -1115
,-440,3193,448 -2166,1886,2567,-982,,3, 97,-588,1701,1614
,-1995,-752,2178,103 -1151,659,1415,-604 -1295,2404,1289 -2081
,,43,1825,-73,-388,-511,-766,1726,1085 -2318,-767,1942,-526
,-1605,705,1134,-925 -1159,2216,655 -2405,175,1702,-478,-680
,-668,-716,1777,1164 -2896,-615,2430 -1005 -1548,538,584 -1251
,-1298,2316, 33 -2967,420,1905,-684 -1050,-718,-937,1724,1449
,-3183 -1037,2810,-786 -1847,571,724 -1116 -1719,2391,405 -3563
, 305,2460,-752 -1435,-87 -1367,1331,1707 -3032 -1473,2584,-63
,-1906,-294,1373,-681 -2361,1928,888 -3393,-296,2457,-151 -1822
,-778,-629,2185,1006 -3562,-551,3180,-949 -1721,728,1002 -1321
,-1552,2523,190 -3726,603,2754,-943 -1106,222 -1080,1267,1477
,-2504 -1239,2130,239 -1084,-326,1020,-790 -1958,1764,347 -3127
,-768,1335, -4 -1097,701,-385,1470,1883 -1902,-950,2206,791
,-838,-498,783,-578 -2022,1250,358 -3263 -1447,750,-245 -1290
,1129,478,2929,2779 -1798,-218,3972,1463,-642,536,1448,-837
,-1984,1589,-147 -4563 -1524,1105 -1149 -2067,1315,681,2680,2561
,-1778,576,4430,1708,411,994,1760,-34 -1511,1765,-91 -4601
,-1357,1118 -1021 -1422,-49,-207,1978,1764 -2680,223,4077,1109
,,98,1061,1575,-362 -1359,2182, 64 -4464,-702,1899,-579 -1065
,-703,-702,1307,985 -3174 -1019,2899,317,-883,227,797,-614
,-1119,2042,234 -3495,-102,2614,220,-247 -1275 -1186,543, 93
,-3788 -1641,1998,-321 -1533,-189,560,-770,-873,2193,492 -2839
, 260,3024,723,-31 -1698 -1392,618,-170 -4540 -1504,2273 -1023
,-1737,241,476,-781,-658,2966,651 -2648,1208,3738,870,751
,-1695,-977,806,-134 -4652 -1577,2394 -1052 -1602,519,554,-626
,-281,3193,614 -2682,1256,3767,846,550 -1011,-699,998,-178
,-3731 -1194,2480,-103 -1207,351,902,-205,-13,3023,638 -2214
,1060,3655,1145,250
,-244,-246,-888,335,-415,-988,-396,-619,-246,-605 -1131, 57
,-923 -1348,-145,-623,-688,-337,-514, 48,447,1397,-963,1569
, 662,-772,1348,-458,304,1007 -1217,1512,-88 -1288,1578,-673
,-424,995,-486,1146,179,1373 -1560,1674,466 -1319,2189,-753
, 195,1527 -1578,1637,-113 -1858,2271 -1528,-966,1373 -1269,1159
,-2427,-432 -3707,-300 -1425 -3713,542 -2178 -2187,-33 -3181,-262
,-2000 -3644,675 -3320 -3180, 41 -3607,-605,-825,334 -1735,992
, 141 -1461,731,-629,-491,555 -1483,646,-659 -1910,1100,-891
,-1427,415 -1763,135,-146,1462,-763,1750,1210,-509,1855,317
, 117,1245,-664,1277,200 -1058,1830,-92,-618,1521,-641,842
, 376,2912,-584,2712,2289,-596,3175,884,638,2457,-35,2311
,1333,-486,3355,513,255,2561,-244,2016,-167,2764 -1182,2389
,2457 -1327,2821,798,-374,2485,-642,1569,1538 -1461,3228,312
,-669,2595,-682,1653 -1202,1099 -2452,964,906 -2488,1355,-618
,-1373,1168 -2098,604,210 -2474,2050,-703 -2170,1372 -1958,333
,-1000,1651 -2367,1348,793 -2619,1984,-568 -1172,1893 -1767,1014
, 640 -2182,2640,-843 -2050,2066 -1675,591,243,2195 -1177,2622
,1315,-959,2732,-49,596,1916,-968,2472,785,-740,3199,-36
, 212,2021,-897,2157,-157,1614 -1552,1880,787 -1412,1938,-687
,,64,1170 -1512,1600,186 -1534,2479,-691,-952,1435 -1563,1329
,-1411,856 -2717,344,-348 -3502,211 -1928 -1882, 92 -2880,-105
,-946 -3257,1009 -2203 -2903, 87 -2853,-222 -1566,1640 -2378,724
, 374 -4074,493 -2104 -2716,1071 -3175, 12,118 -3516,2033 -1498
,-3243,1074 -2981,-55,-918,2797 -1736,1930,1406 -2972,1962,-918
,-1168,2696 -1789,1696,1352 -1956,3506,-406 -1744,2591 -1718,1460
,-768,2579 -1246,1505,1733 -1973,1936,653,-222,3064,-408,1966
,2113,-835,3667,930,-724,2990,-564,1727,-540,1981,-649,1289
,1636 -1304,1690,832, 81,2281,115,1761,1775,-392,3270,878
,-729,2420,-311,1807 -2084,1729 -2189,320,1019 -3094,1360,-238
,-1420,2062 -1177,893,1409 -1914,3136,-72 -1915,2386 -1824,872
,-2265,1763 -2149,188,1371 -3318,1133,-187 -2058,2007 -1303,427
,1425 -2267,2730,-208 -2297,2403 -1636,782 -1883,254 -1961,-296
,,66 -2602,-169,-824 -1798,444 -1380,-440,-128 -1969,1338,-723
,-2402,614 -1492,130
,-373,-199,481,408,455, 49,303,829,-877,-865,-327 -1168
,-633,-918,-930,-765 -1627,-596,-203 -1020,795,664,1872,972
,1283,1109,444,1818,-204,-380,724 -1369,-53,-230 -1126,-27
,-1511,-452,632 -1055,297,130,1731,-54,670,1203,-300,1467
,-568,-828,720 -1892,-220,-305 -1921,-319 -1743 -1112,120 -1892
,-2541 -3273,-675 -3577 -2471 -1771 -3451 -1097 -3087 -2831 -1042 -4032
,-2061 -2014 -4573 -2395 -3876 -3247 -1946 -4342,-546,-880,1236,-496
,-277,-157,-944,582,-741,-927,539 -1377,-175,-236 -1777,-932
,-2052 -1323,-188 -1610,768,499,2674,888,852,1483,773,2129
, 744,312,1559,-291,829,1021,-713,466,-497,274,1014,-481
,1650,1580,4092,1369,2063,2839,1488,3654,1885,1605,3606,911
,2529,2812,678,2372,898,1871,2695,572,1333,773,3741,787
,1297,2585,682,3065,1446,480,3204,219,1465,2727,-235,1644
, 610,1142,2618,-69,-329 -1311,1297 -1070,-760,318 -1052,1154
,-708 -1380,1209 -1632,-355,593 -1760,-195 -1110,-657,919 -1789
, 121,-827,1887 -1238,-790,911,-736,1507,-225,-943,1819 -1307
, 485,1431 -1180,586,-396,111,1559 -1346,1121,1160,3262,372
,1419,1701,602,3146,753,902,2968,231,2405,2099,391,2255
, 382,1875,2880, 88,557,220,2262,-297,368,850,-263,2111
,,71,-85,1580,-580,1030,865,-766,968,-927,429,1712,-662
,-1320 -2304,122 -2809 -2536 -1513 -2891,-622 -2436 -3071,-580 -2932
,-1454,-858 -2991 -1330 -2617 -1781,-374 -2948,-830 -2297,592 -2858
,-2929 -1551 -3716 -1145 -2966 -3671,-218 -3058 -1235, 45 -2718,-383
,-1541 -1149,784 -2530,129,-850,2322 -1577 -1235,347 -1951,926
,-712 -1167,2226,-862,1275,2498,-335,1852,639,1359,2802,-693
, 889,-121,2581,-639,-401,1439,-358,2017,974,230,3185,1025
,2524,3784,1133,2782,1937,2285,3465,538,1205,396,2417,-103
, -43,1591,318,2171,1130,537,2825,1043,2203,3328,1181,2485
,1768,2163,3134,656,-42 -1219,1489 -2112 -1824,339 -1645,1089
, -55 -1038,1822,-772,628,2074,-878,986,213,587,1726 -1470
, 259 -1700,1405 -2071 -2177,236 -2029,369,-729 -1992,1055 -1473
,-381,1559 -1439,438,161,276,1463 -1486,-773 -1847,-24 -2585
,-2702 -1321 -2442 -1007 -2101 -2633,-916 -2330 -1558,-471 -1830 -1086
,-1193,-579,-256 -1814
,315 -1102 -1305,-320,-189,476,-679,-145,1325,-139,494,418
,-1489,-156,-460,-113,173 -1277,666,1040,624 -1235,-781,361
,-385,996,-715,-188,1953,-776,689,833 -1873,468,-293,-499
, 722 -1375,1013,1565,817 -1647,-676,965 -1236,648 -1048,-809
,2051 -1098,636,954 -2448,1274, 67 -1399,634 -1717,784,1752
,1055 -2772 -2198,600 -2999,-689 -1771 -2718,1153 -2109,-55,1028
,-3671,644,-149 -2429,711 -2849,-457,397,860 -1513 -1308,194
,-1097,265,-429 -1257,835 -1036,322,1266 -2015,-30,-17,-596
,1245,-981,-232,155,1251 -1238,-774,963,-558,827, 76,-802
,1455,-406,583,1558 -1646,428,315,-683,1285,-722,660,1145
,2622 -1360,-538,2327,-393,1756,387 -1006,2389,-68,1291,2098
,-1859,1746,1486,-245,2257 -1261,1116,1662,2666 -1664 -1509,2489
,-698,1431,454 -1719,2686, 61,604,2613 -2647,1340,1856,-764
,2287 -1562,814,2308,1875 -1879 -1546,1736 -1314,654,-476 -2046
,2345,-944, -1,1808 -3024,657,1090 -1081,1518 -1931,-309,1761
,2114 -2028 -1141,2641 -1258,701,-271 -2632,2053,-663, 44,2243
,-2782,1163,1889 -1029,1697 -1832,-374,1614,2493 -1833, -7,1916
,-316,2417,-34 -1118,2444,-568,1577,2002 -2327,1601,966,459
,2551 -1997,573,1673,2178 -1534,-268,1783,-469,1928,-398 -1804
,1823,-816,899,1286 -2797,658,647,-128,1944 -2301,-584,992
,1871 -1884 -1317,1885,-788,762 -1051 -3149,846 -1613,-798,337
,-4113,-561,181 -1376,705 -3461 -1842,-35,2108 -1920 -1040,2733
,-1203,1149,-550 -3707,1656 -1639,-940,1222 -4815, 68,991 -1766
,1435 -3922 -2322,631,2930 -2109,-819,3474,-708,2187,-20 -3006
,2721,-511,676,2487 -3651,1348,1818,-874,2477 -3398 -1166,1580
,2473 -1329 -1061,3141,-163,1627,365 -2368,2431,459,1046,2753
,-2303,1455,2324, -2,2608 -2366,-790,1687,1712 -1173,-961,2881
, 434,1158,251 -1872,1683,552,954,2106 -1911,1092,2171,189
,2023 -2307,-860,1585,1725 -2061 -1915,3198,-749,730,-88 -3464
,1473,-357,-25,2355 -3212,794,2109,-927,2308 -2797 -1416,1496
,1598 -2195 -2450,3336,-741,395, -7 -3874,1138,-365,-406,2262
,-3445,440,2130 -1268,2000 -2723 -1653,1681,384 -2670 -2117,1930
,-304,-184 -1177 -3229,153,-506,-390,685 -3117,-211,1503,-780
, 732 -2718 -1813,687
,-630 -1119 -1500 -1789 -1259 -1219 -1478,-372,-411,588,406,748
,1237,1169,1963,2154,1795,1791,1706,1414 -2557 -2981 -3163 -3788
,-2936 -2819 -2620,-886 -1359,310,539,774,1890,1579,2367,2730
,2379,2892,2056,1707 -3529 -3628 -3525 -4108 -3190 -3195 -3106 -1087
,-1542,141,325,494,1664,1275,2051,2738,2385,2870,2603,1809
,-2962 -2900 -2502 -3603 -2101 -2490 -2708 -1005 -1981,-944,-793,-940
, 114, 16,828,1626,1007,1176,1180,372 -1992 -2196 -2037 -2949
,-1906 -1557 -1839,-446 -1334,-452,-197,-238,845,1001,1717,2150
,2062,1815,1646,1387 -1586 -1745 -1981 -2744 -1964 -1815 -2047,-621
,-1030,-315, 95,-138,1083,1407,2134,2475,2475,2603,1897,1872
,-232,-688,-670 -1429,-373,-424 -1361,686,-252,350,569,231
,1645,1067,1967,2157,2129,2575,1992,2496,-296,-955,-484 -1764
,-647,-297 -1878,566,-286,303,659,212,1727,1066,1841,2441
,1817,2523,1724,2093,-725 -1042,-305 -1455,-500,-513 -1752, 76
,-819,-78,174,-278,887,321,849,970,852,1346,923,570
, -37,-90,463 -1073,346,308 -1459,516,-478, 95,494,-291
,1056,382,793,895,814,1206,1097,876,980,1197,1151,-32
,1228,815,128,1390,-87,1035,1044,467,1320,594,1227,1177
, 886,1478,795,1193,1178,1376,1619,214,1070,433,-542,180
,-1332,-420,-156,-473,437,-289,307,167, 40,553,-57,363
,1791,1801,2149,936,1875,969,-391,325 -1278,-927 -1085 -1514
,-911 -2160 -2306 -2423 -2800 -2303 -2189 -1778,2570,2671,3322,1858
,3253,2832,1159,2347,180,507,286 -1207,-738 -2518 -3105 -3596
,-4381 -4027 -3287 -2981,2391,2709,3019,1975,3649,3605,2338,3638
,1534,1826,1369,-531,-159 -1969 -2413 -2648 -3470 -2818 -2704 -2308
,1359,1607,2343,922,2464,2695,1315,2324,742,1229,977,-560
,-296 -1355 -1665 -1863 -2132 -1791 -1654 -1185,605,721,1618, 83
,1484,1378,-51,1057,-18,591,252,-854,-644 -1498 -1825 -1687
,-1725 -1618 -1523 -1253,121,-322,1267,-148,1446,1483, 15,1184
,-589,781,371,-804,-198 -1383 -1777 -1652 -1969 -2080 -1163 -1352
, -37,-955,1008,-394,1311,1685, 60,1681,294,1116,883,-381
, 307 -1145 -1818 -1847 -1840 -1627,-762 -1053,-400,-942, 85,-723
,1016,1065,-376,1173, 32,389,481, 15,207,-688,-825 -1212
,-745,-633,-568,-137
,-57 -1049,-450,261,784,2090,2888,3571,2991,3959,2653,898
, 727,-431,475,-758,-400,1028,1266,2174 -2132 -3244 -2472 -2135
,-1185,176,940,2059,1298,2267,1167 -1056,-874 -2427 -1537 -2977
,-2532 -1021 -1506,142,-845 -1781 -1526 -2188 -1198,-786,-23,1062
, 648,2915,1334,-124,449 -1123,-490 -2280 -2009 -1480 -1712,-204
,2845,1700,1636,-451,805,637,722,1832,1493,4902,3412,3129
,4596,2942,3210,1926,1266,751,,9,870,1554,-494, -8 -1236
,-418,746,1153,1823,935,3046,2339,1449,1798,785,1201,561
, 927,517,-591,459,-189 -1819 -1644 -2189 -1361,115,925,1529
,1192,2584,1934,561,463,-667,-872 -1089 -1261,-471 -1188,488
, 175 -1795 -1131 -1664,-669,306,-281,691,-273,1949,1293,-692
, 898,-981,197,-732 -1022, 44 -1560,600,-324 -2687 -1543 -1995
,-1350,-88,-934,677,-172,2234,1416 -1182,683 -1246,-106 -1137
,-1721,-323 -1964,361,-277 -2301,-590 -1369,-876,-468,-875,-47
,-1150,1515,619,-989,244,-822, -7,-912 -1378,-471 -1649,-465
, 843 -1421,538,-608,-347,157 -1312,-633 -1951,1093,103 -1217
,1196, 85,995,204,-291,-164 -1747,-429,-719 -2091 -1021 -1098
,-232, 89,-41,-121 -1557,900,-329 -1898,-726 -1826,-430,-832
,-905,-502 -1398,215,183 -1877 -1208 -1303,-458,-291,-622,-520
,-2014,662,-252 -1852,-645 -1563,-274,-923 -1286,-818 -2015,-520
, 518 -1180,511,-215,855,615,-399,-788 -2694, 34 -1268 -2684
,-1005 -1125,529,-357,-406,-227,-967,220,673,-899,2078,1247
,2634,2211,280, 41 -2689,144 -1561 -2960,-659 -1081,1975,1540
, 990,1351,317,995,954,-494,2091,1971,3300,3044,821,532
,-1555,1346,-473 -1891,627,235,2707,2117,1269,2130,437,1674
,2218,493,2740,1963,2958,2515,311,443 -1360,1715,791,-680
,1825,1615,3792,3018,2195,2285,735,2133,2734,896,2993,2020
,2385,1796,-332,-291 -1996,763, 74 -1441,861,1001,2919,2586
,1815,1471,452,1792,2349, 61,2476,1079,1741,754 -1914 -1834
,-4355 -1462 -2608 -4063 -1184 -1208,1130,1654,1000,787,-81,1103
,1662,-809,1981,833,1363,538 -2445 -2576 -5392 -2285 -3050 -4705
,-1726 -2016,619,908,393,247,-415,1090,723 -1829,404,-326
,-129,-903 -3460 -3812 -5661 -2494 -3486 -4419 -2413 -2045,239,-227
,-291,-746 -1649,555
,2297,3146,1869,1879,655, 12,-49,-115,729, 85,577,2295
,2327,2337,1288,2404,1673,776,1105,492,-279,352,-811,-504
,-1662 -2625 -2651 -2867 -1593 -2600 -1643,505,-120,713,-438,688
,,74 -1035,-708 -1919,-291, 95,-791,210 -1446 -1426 -1833 -1981
,-1328 -2893 -1305, 37,-652,-18,-306,950, 53,243,167 -1042
,1087,2222,1362,3727,1644,1861,1898,1620,1817,-881,510,1941
, 662,1757,1416,2932,2304,2887,3088,1821,104,1640,552,1993
, 888,543,-41,114,1468,-623,-120,1074,437,1488,712,1687
, 730,951,1386,991,-93,921,269,963,-493 -1288 -1580,-752
,-250 -1559,-691,1049,322,1040,852,912,355, 43,394,-278
,-1272,861,-119,880,-345 -1765,-534,-565,559 -1355,-952,1536
,-364,928,-445,-76, 95,-307,1094,-881 -1725,741,-543,881
,-808 -2490,-697,-968,384 -1852 -1890,1398,-729,706,-652,-21
, 210,-575,686 -1584 -2051,317 -1136,241,-793 -1603,-725,-671
, 491 -2079 -1544,399,-761,-214 -1393,-364,-290,-676,261 -1231
,-1840,672 -1004,812,-432,-880,528,,7,1256 -1844 -1250,968
,-1096,-49 -1777,-451,-60, 42,1436,-670 -1776,369 -1130, 59
,-1065 -1596,-958,-160,1023 -1726 -1072,620,-94,466 -1716 -1214
,-860 -1042,-72 -1349 -2397,-401 -1647,-615 -1363 -2055 -1357,-488
, 836 -1919 -1550,104,-448,324 -2349 -1509 -1095,-945,-102 -1201
,-2452,-628 -2180,-566 -1672 -1781,-624,188,1343 -1544 -1157,507
, 101,-105 -1992,-774,-638,-21,746,-308 -2448, 39 -1448,428
,-1316,-898,645,1037,2445 -1228,-577,1420,175,961,-908,600
,1119,1690,2381,641 -2064,782,-373,1796,141,392,2286,2838
,4057,390,837,3167,1428,2232,-145,811,1612,1895,2680,687
,-1020,1974,501,2780,1396,1206,3531,3947,5412,2088,2167,4257
,2754,3346,747,1554,1765,2015,2963,803, 32,2732,1432,3229
,1911,1781,3864,3996,4992,1544,1495,3129,1774,1895,-295,637
, 907,1441,2222,472 -1489,1338,-615,1468,-422,-435,2088,2250
,3423,-370,-369,1160 -1438 -1085 -3507 -2309 -2393 -1365,-642 -1917
,-2330,419 -1363,764,-994 -1616,1221,1039,2468 -1872 -1865, 13
,-2610 -2116 -4266 -3513 -3503 -2395 -1576 -2756 -2911,-293 -1648,-373
,-1982 -3085,-575,-553,191 -3896 -3429 -1491 -2983 -2822 -4409 -3898
,-3753 -2918 -2250 -2879
 -2465 -1247 -2079 -1258,459,265,2535,1334,2047,572,-619,1195
,-532,-695 -1231,-209,231,-796,819,-271 -2746 -1278 -2068 -1310
,1254,188,3098,1810,3022,1601,-239,1969,-855,-183 -1418,-136
, -81 -1466,1412,-250 -1979,-343 -2726 -1169,-163,-481,2384,1176
,2556,718,866,1994,-444,330 -1081,630,-857 -1516,581,-860
,-1397,132 -3164 -1394 -1298 -2074,713,-487,1649,-824,962,2300
, -29,927,-557,135 -1258 -2123,-300 -2705 -2389,-585 -2482,-956
, 438 -1359,1183,282,2694, 99,225,1636, 18,1659,-262,343
,-545 -1238,1471 -1307 -2165 -1577 -2041,-879,640,-249,1834,2089
,2790,813,-20,1748,343,502,-487,-505,-117 -1003,1586,-365
,-1909,-221,-780 -1189,908 -1353,2101,1445,2047, 20,-603,3187
,-307,1050,-411, 85,1449 -1328,2336 -1730 -2354,220,-939 -1641
,1057 -2273,2209,1308,1920,293,-934,3560,-886,812 -1108,-89
,1757 -1753,2218 -1684 -1830,960 -1414 -1252,297 -1957,1031,122
,1105,-817,-684,2054,-149,506 -1035,375,986 -1362,1220 -1660
,-1524,1880,-867 -1107, 89 -2664,978,-405,463 -1811,-570,2867
, -43,1591,-438,813,1282 -1178,1521 -2202 -1720,1186,-37,-70
, 857 -1168,1781,744,1579 -1379 -1053,1532,-171,1302,-874,422
,1666,141,2160 -1035 -1227,1873,311,,2,616 -1511,1393,571
,1355 -1273 -1222,1494, 81,1583 -1113, 19,1231,-127,1708 -1695
,-663,3228,1222,1403,943 -1509,1204,-69,754 -3039 -2045,822
,-502,718 -1647,-60,930,-26,1365 -2245,-779,4295,1792,2252
,1898,-929,1970,-505,582 -3523 -2654,699 -1311,734 -2250,-224
, 546,-336,1196 -2824,-934,3355,2036,1842,2040 -1091,1851, 94
,,13 -3785 -3206,947 -1155,756 -1704,-492,1279,-386,1468 -2864
,-1238,3156,1605,810,739 -2620,642 -1021,-935 -4334 -3597,622
,-1407,723 -1524,-497,1630,-138,1228 -2879 -1308,2800,984,397
,,33 -2876,-381 -1777 -1489 -4558 -3393,558 -1032,681 -1124, 24
,1448,-176,725 -2704,-783,3802,1550,1271,1226 -2334,131 -2119
,-1569 -5354 -3412,1066,-679,1937,-251,1464,2730,994,2158 -2288
,-681,3992,1851,1653,1683 -2052,800 -1417,-727 -4726 -3094,1770
,-151,2550,-139,1508,3409,1594,2839 -1704 -1106,3562,1373,1091
,1141 -1511,1095,-856,-290 -3908 -1941,1956,227,2328,-676,1263
,3095,1692,2529 -1494
,-368, 29 -1622,-12 -1462,-21,178,-763,2070,1074,1638,-173
, 121,1157,-622,254 -2442,-492,-820,-524,-472,742 -1684,421
,-1617,-154,1040,-461,2361,974,2200,249, 98,1799 -1191,973
,-2953,-518 -1081 -1069,682,935,-851,882 -1539,556,-154,-273
,1690,705,1861,-622,1527,1570,-235,1116 -2382,305 -1541,-878
, 314,1254 -1338,1545 -2407,962 -2227 -1454,-110,-771,477 -1732
, 717,1792,-316,2035 -2248,1178 -1952,-366,-186,1532 -2116,1079
,-2169,1181,-620 -1429,132,-438,1453,-852,-149,1122,-909,2067
,-2451,515 -1634, 53,-114,913 -2107, 31 -1342,789,-88 -1065
, 543,1319,1486,328,-84,1637,-657,1068 -2281,-648,-955,-582
,-970,1881 -2280,1321,-832,444,344 -1908,1751,145,1836,-149
,-655,2934 -1770,2575 -2797,432, 49,-628 -1737,2655 -2705,1287
,-839, 51,693 -2248,2253, 48,2028,-187,-492,3665 -2042,3194
,-2931,482,534,-981 -1030,1995 -2192,1723,-916,692,-55,-996
, 979,577,1179,-842,-86,2533 -1008,2548 -2431,1316,230, 34
,-1128,2680 -2503,2274,-897,840,-445 -1728,1236,-264,656 -1908
,-468,2780 -1268,3306 -2383,1814,528,191,-717,1563 -2376,1176
,-864,1077, 48 -1372,1019,583,1258 -1036,-716,1967,-707,2571
,-2227,1215,505,856,-22,1835 -1709,1532,-806,931,-151 -1901
, 465,199,1237 -1651,-800,1642,-401,2777 -2397,1500,504,888
,-131,1998 -1581,2202,-761,2068,-789 -1790, 87,-492,362 -3415
,-1868,701 -1161,2260 -2777,1744,597,1460,-50,2205 -2525,2910
,-786,2824,-94 -1561,649,-298,524 -4132 -2086,160 -2199,2358
,-3936,2296,544,1715,-838,1890 -2729,2407,-43,2449,120 -1257
, 461, 45,-33 -3939 -2776,992 -2476,2318 -3811,1630,478,1079
,-1251,1795 -2638,2375, 10,2239, 74 -1820,638,-453,166 -3744
,-2854,757 -2492,1988 -3587,1601,368,1117 -1232,956 -2573,1978
,-244,1728,-153 -1918,852,-161,208 -3359 -2247,469 -2080,1551
,-3218,1383,206,1092 -1439,1184 -2894,2433,-380,2578,486 -1445
,1655,-21,909 -3512 -1785,877 -2325,2519 -3419,2157,727,1729
,-1765,1169 -3437,2353,-332,2812,680 -1200,2346,412,1475 -3061
,-1681,1326 -2277,2832 -3240,2366,1245,1779 -1248,887 -3279,2044
,-189,2198, 91 -1265,1755,786,1651 -2882,-827,1690 -1028,2422
,-2392,2377,979,2231
,-262,777,110,857,1384,1473,2131,-449 -1305 -1413 -1239 -2176
,-3306 -1627,-304,1812,1165,2355,2798,2178 -1683, -4,-529,710
,1250,390,1551 -1016 -1584 -1971 -2187 -3484 -3507 -1112,-775,867
, 429,3063,3731,2384 -1497,-847 -2034,-43,486,312,842,-584
,-439,-87,-458 -3291 -2217,-912 -1041, 53,-368,2334,3162,2567
,-695, 22 -2320,-132,-27,1565,2054,1580,1733,2919,2960,-502
,-192,451,-534, 23,-836,1787,2162,2743 -1364,493,-870,455
,-425,487,1624,919,148,-535,768,-850 -1103,208 -1415,-402
, 323,2241,1892,1161 -1151,479,-657,353,117,866,1619,163
,-1257 -1239,-888 -2060 -2605 -1115 -1581,-258,851,2577,2520,1553
,-1025,758 -1777,-932,502,367,1254 -1122 -1447,-703,513 -1529
,-2747,-497 -1580, 29,-358,418,1175,632 -1352,1180 -2038,-965
, 990,724,1971,-865 -1349,-504,971 -1783 -3152,-365 -1936,374
,-129,-140,1596,1195,-561,1538 -1697,-236,974,660,1282, 30
,-891, 75,1868 -1110 -1808,201,-867,473,-828,-247,934,703
,-451,1795 -2181,-889,492,241,956,-468,-619,800,3079,-273
,-1067,1274 -1165,444 -1290 -1011,-67,-87,-226,2072,-935,-139
, 512,596,1436,-706 -2213 -1169,1563,-543 -1743,-227 -1519,464
,-639,-345,-762,-525,-827,1428 -1729,-907,240,622,1479, 51
,-1374,-595,2290,356,-918,-246 -1389,292,-959,-775 -1041,-931
,-121,1793 -1739,-753,-331,419,871,-518 -1731, 14,3532,1348
, 632,1583,289,1767,-308 -1030 -1824 -1441,180,2971 -1514,-630
,-208,-166,287 -1162 -2230, 37,4202,1539,1393,2497,559,2836
,-589 -1950 -2644 -2314,737,3553 -1511 -1341,-449,-296,-21 -1799
,-2537,537,4957,1911,977,2518,576,2537,-412 -2335 -2729 -2338
,1347,3529 -1552 -1496,-864,-359,669 -1326 -1920,986,5567,2803
,1602,2940,588,2243,-352 -2105 -2219 -1871,1875,3472 -1165,-981
,-607,-344,735 -1378 -2017,688,5096,2277,1230,2235,537,1593
,-443 -1688 -1627 -1069,2109,4127,-810,-792 -1022 -1054,-221 -2421
,-3323,-268,4482,1347,827,2230,146,1651,-969 -2223 -2539 -1762
,2110,4380,-770,-739 -1159 -1236,-774 -3253 -3719,-990,3993,672
, 107,1725,-274,1945,-998 -2428 -2623 -1692,1887,3591 -1759 -1410
,-876,-920,-935 -2848 -3135,-870,3796,-60,-945,729,-536,1106
,-1024 -1915 -2066,-920
 -1031,-265,-559,588,-679,1705,-146,812,214 -2544,-694 -1034
, 235 -1807 -1320,821,752,1172,-491,1557,-589,-346,-937,1240
,-426,2481,-284,715,1191 -2673,100 -1069,265 -1721,-974,1349
, 368,1620,-866,2170,196 -1613,-230,226,-916,2501,-183,1329
, 521 -1434,914, 67,312 -2497,215,691,786,1274 -1120,2389
, 501 -1839,-721,311 -1879,1493,-756,2184,807 -1010,1251,955
, 933 -2335,413,213,-496,780 -1687,1992,-639 -1517,-855,1130
,-1185,1132 -1487,1346,1757 -1238, 85,-528,1403 -1088,374,301
,-724,1847,-974,1815 -1400 -1611,-726,1262,-351,688,-336,1071
,1434 -1717,-477,-128,455,-899,-781,413,-88,1478,-231,1096
,-955,-716 -1735,1792 -2437,1114,-305,371,1742 -3196,837,-357
,1405 -1402 -1247,1153 -1398,1761 -2362,550,-942,-141 -1778,2583
,-3149,1718, 78,322,2597 -3696,1046,132,1549 -1698 -1233,1208
,-1423,2579 -2952,797,366,-452,-258,1809 -2184,1899,-916,955
,2046 -2524,387,1327,1913 -1753,-390,752,-618,1714 -2502,871
, 929,-613,-467,2120 -2915,1468 -1103,1107,1686 -3104,953,1633
,2210 -2014, 40,860 -1214,2109 -2921,800,-45,-604,587,1958
,-1854,1249 -1119,987,1686 -3076,-534,309,1883 -1275,-880,136
,-334,2335 -2272,112, 28,-717,580,1689 -2032,1208 -1101,1294
,2151 -2723,-551,487,2291 -1097,-896,-176,-438,1972 -2620, 12
, 649,-381,1108,1969 -2040,933 -1270,1786,1451 -2718,-782,1126
,2915 -1463,-393,-106,-125,1832 -3109,-129,1285,-769,1687,2430
,-3028,1550 -1597,1714,1394 -3371,-468,1246,3355 -1583,448,-110
,-292,2189 -4355,-171,646,-479,1248,2648 -3208,703 -1358,1064
,1592 -3754,-351,1758,3142 -1409,-495,259,-496,2492 -4044,-603
, 422,-278,1022,2485 -3347,145 -1527,971,1289 -3811,-324,1401
,3258 -1405,-631,396,-620,2643 -3664,-349,233,-217,1039,1695
,-3040,-467 -1795,745,758 -3755,-438,1342,2958 -1443,-350,437
,,69,2623 -2783,-332,1012,-210,1484,2506 -3265,-370 -2612,804
, 562 -4440,-399,1097,3089 -1406,268,861,378,3259 -3230,368
,1213,111,1378,2940 -3606,-38 -2404,776,456 -4721,-333,874
,3424 -1800, 75,1069,135,3667 -3267,236,1228,337,1718,2355
,-3117,488 -1606,1183,586 -3810,126,1507,3506 -1830,-71,898
, 199,3256 -2761,-35
,-56,-622,634,722,1447,1415,-188,107,1093, 89 -1996 -1032
, 207,829,-15,-430,1253,2281,2145,898,-453 -1006,150,437
, 968,983,-84,-154,574 -1015 -2642 -1487,-49, 81,-644,-116
,1330,2416,1307,382 -1070 -2186,-268,236,-45,-244,-344,,6
,1042 -1112 -3452 -1198,148,-563 -2038,-617,718,1702, 67,-391
,-193 -2309,-763,131,244,-757,-204,874,2289, 49 -2330,-427
, 269,-271 -2629 -1249,-705,1054,-288,-896,948,-16,345,-257
,1189,1397,771,-99,1655,890,-597,-88,-104,698,-334,654
, 320,1087,689,386,999,-76,617,723,1979,1927,1060,425
,2141,1506,-737,-752,-69,1174, 80,821,1133,2064,1522,1336
,1335,-743,213,731,1788,220, 40,621,2762,1842 -1643 -1078
,1032,1663,-770,-418,453,2251,1390,-223,610 -1928,-712,412
,1203,-871,-956,-415,2102,1054 -3123 -1896,375,709 -1828 -1691
,-1112,2137,872 -1672,-100 -2866 -1794 -1190,-928 -1965 -2302 -2291
, 446,-345 -3880 -2537,-452,-974 -2588 -3139 -2497,552,-967 -2955
, 632 -2351 -1813,-929,-311 -1927 -2005 -1605,1681,707 -3077 -1541
, 776,,9 -2174 -2193 -1896,1079,-370 -2720,1812 -1333 -1130,-307
, 569,-478 -1996 -1985,1690,1425 -2581 -2257,221,1046,-591 -1405
,-1596,1429,1040 -1487,1811 -1672 -1255,-152,999,-205 -1330 -1650
,2117,1759 -1998 -2243,108,1524, 92 -1225 -1494,1307,1186 -1315
,2421,-906,-580,792,1314,-367 -1513 -1204,2456,2201 -1479 -1003
,1482,2893,842,-145,-589,2186,1526 -1066,3741,-120,-80,1788
,1950,-383 -1869 -1603,2410,2240 -1989, 73,2721,4387,1928,381
,-776,2645,1434 -1626,4810,278,517,2031,2511,-916 -2415 -1753
,2662,2461 -1890,-277,3109,4557,1150,-821 -1743,2202,1372 -2033
,3863,-271,-318,1473,1603 -1192 -3082 -2038,2111,2292 -1633 -1125
,1763,3040,-153 -2162 -2666,341,-21 -3150,2946,-904,-624,726
, 861 -1204 -3294 -1969,1822,1799 -1875 -1144,1416,2651,-55 -2124
,-2403,310,-293 -3259,2741 -1265,-923,764,1046 -1282 -3179 -2516
,1572,1978 -1308,-710,2067,3117,452 -1355 -1889,980, 49 -3620
,2580 -1371 -1097,929,1506 -1218 -2863 -2026,2328,2716,-743,-451
,2767,4152,884,-887 -1523,1115,496 -3159,2417 -1337 -1565,907
,1284 -1121 -2111,-960,2851,2482 -1294,-509,3167,4123,559 -1388
,-1662,1198,816 -2933
 -1626 -1038,-314 -1403,-924 -1262 -1579 -1313,-728 -1201 -1676 -1615
,-1083,-632,-936,-994,-163,502,788,427,-671,-460,-230 -1377
,-460,-702,-505,-166,147,-255 -1075,-33,-37,469, -6,475
,1238,1438,1817,1265,105,347,136,-599,-249,-605,249,777
,1076,280,-80,1010,932,1150,865,1297,1656,2316,1772,1108
,1592,1604,1041,182,1346,237,883,1926,2029,1284,1338,2218
,1856,1939,864,1096,1491,2199,975,817, 65,-676 -1125 -1704
,-246,-631,-987 -1404,-473,-534 -1111,-766 -1190,-616,-881,-979
,-826,-358,-688,-853,-738 -1886 -2149 -2323,-953 -1401 -1770 -1715
,-1015 -1135 -2252 -2207 -2217 -1753 -1873 -1885 -1480 -1100 -1300 -1486
,-1429 -1462 -1784 -2246,-765 -1703 -1465 -1465,-701 -1230 -2691 -2039
,-2156 -1519 -2214 -2953 -2051 -1188 -1608 -2424, -5,210,593, 75
,1197, 40,307,661,1812,1093,-840,505,203,697,-357 -1545
,-608,960,361,-989,3814,3915,4086,3781,4896,4140,3698,4481
,5347,4307,2998,3840,3932,4177,3159,2393,2835,4125,3381,2244
,2325,2321,2222,1894,3462,2268,1983,2604,3654,2649,1394,2720
,2342,2479,1755,862,1114,2463,1819,128,1009,681,792,524
,2022,1052,363,584,2065,1449,-446,-29,-225,259,-134 -1573
,-1232,471, 82 -1309,1107,535,765,237,2133,1376,272,325
,2124,1300,-698,-649,-619,437,-72 -1400 -1310,170,-326 -2028
, 958,648,319,279,1760,410,-922 -1182,1047,-252 -1640 -1301
,-1412,-179 -1045 -2378 -2232,-755 -1725 -3091,-85 -1037,-910 -1084
,-234 -1735 -2909 -3072,-527 -1182 -2585 -1905 -1967,-350 -1705 -3126
,-3150 -1068 -1943 -3076 -1191 -2213 -2249 -2463 -1400 -2617 -3399 -2649
, 257,-448 -2186 -1513 -1248, 33,-830 -2790 -2664, 82,-699 -2284
,-744 -1098 -1204 -1000,421,-584 -1513,-181,2142,1263,-553,719
,1507,2997,1973,-139,-146,1885,889,-887,-223,-320, 64,-269
,1279,277,-997,374,2170,1300,-238,1340,2095,3596,2704,1110
,1266,2708,1652,248,-49,-37, 25,-394,1530, 75 -1387,-533
,2007,1051,-686,655,1369,2748,1732,348,791,2290,1314,-131
,-209 -1087,-736,-969,1021,-668 -2429 -1755,183,-973 -2721 -1456
,-434,771,-217 -1312 -1031,1048,534,-878,-502 -1361,-670,-817
, 456,-417 -2052 -1697, 84 -1206 -3137 -1987 -1179, 60,-960 -2067
,-1555,632,-231 -1166
,465,-504, 70,638,-351 -1036,1023,776,685,195, 79,-260
,-198 -1184 -1640,-930,-550,189,275,786,1705,111,-163,889
, -83 -1130,1260,133,522,364,240,-224,-352 -1648 -2079,-776
,-740, 78,682,1143,2121,855,213,788,-522 -1383,1451,-500
,-227,-41,399,-517,614 -1430 -2012,-261 -1410,407,648,1575
,2589,-129,1421,219,-463 -2220,1974 -1975,385,-470,1171,-991
,2315 -1221 -1104,540, 60,-84,399,1030,1859,-635,105,322
, 395 -2185,1655 -2015,234,-223,732 -2102,1224 -1531 -1569,-673
,,63,-283,571,580,1021 -1203,-232,-72,110 -2048,1327 -1453
, 372, 31,-51 -1834,701 -1866 -2122 -1571, -1,-700,318,1042
,-153 -1079,-19,-511,-643 -3245,1196 -2039,-163,-257,645 -1733
,1074 -1096 -2123,225,583,-753,294,978,593,-836,301,253
,-426 -3726,2177 -1381,-314,-67,1404 -1555,2135,-703 -2114,1246
, 723,-538,1083,1154,2059,-365,839,1528,616 -2589,3477,-339
, 287,993,2261,-573,3293,101,-397,2269,1493,123,1932,1486
,1429,-611,599,1062,,3 -3126,3384 -1168,240,549,1826 -1140
,3395,264 -1079,2711,1558,-629,1557,963,519 -1804,-19,1233
,-213 -3257,2081,-800,583,408,1037 -1494,2460, 49 -1589,2289
,1733,-281,1314,1182,1116 -1939,-439,1066,-528 -4116,1199 -1805
,-940,-722,-493 -2516,1953,-608 -1753,1861,1363,-164,878,1193
,1851 -1460,728,1371,-577 -4253,1102 -3177 -1790 -2088 -1291 -3338
,1821,-937 -1946,1817,2147,-232,1002,1357,3149,-210,1660,3264
, 458 -4145,2329 -2521 -1594 -1529 -1176 -3440,2312 -1400 -1845,2218
,1063,-936,575,373,3175,-629,2141,2950,1373 -4241,3322 -1265
,-489,-964,456 -2481,2926 -1153 -2695,1688,930 -2287,-465, 30
,1770 -1771,1528,2294,1082 -2776,3692, 45,1208,321,1444 -1644
,2944,-103 -2239,1313,844 -2624 -1111,-241,830 -3342,505,2059
, 462 -2027,3732,346,1181,412,1250 -1159,2463,-86 -2606,1227
, 744 -2937 -2238,-658,-846 -5076,-707,1448,-414 -2236,3788,-251
,1092,477,1129 -1354,3363,323 -2035,1995,1221 -2498 -1912,-798
,-1951 -5761 -1538,570,-430 -2424,3757,-225,1369,242,945 -1110
,3790,830 -1986,1949,1042 -2654 -1795,-742 -1199 -4406 -1569,998
,-124 -2306,3872,629,996, 85,942 -1026,3450,782 -1840,2056
,1117 -2699 -1242,-156
 -1002,-973,-164,234 -1035,-972,-581 -1500,-723 -1009 -1364,-389
, 778,1048,1257,1598,709,-64,-610,-758,-897,-791,-23,589
,-315,-16,107 -1263,-173,-812 -1212,607,1554,1903,2016,2053
, 757,,0,-329 -1192,-878 -1796,-579,515,-741,332,621,-992
, 423,-794 -1339,221,1608,1294,1897,2475,351,468,-73 -1103
,-1045 -2510,-39, 96,-955,238,1530 -1098,954,-949 -1554,-638
,1275,-172,704,1736,-112,-606,646,-452,-498 -1195,-266,-41
,-555,221,1579,-735,306,-712 -1062,149,1601,157,799,1991
,,16,-728, 39,-439,-220,-746,180,187,-218,608,1403,-532
,-291,-634 -1615,283,1823,889,1882,2619,831,-288,417,-486
,-354 -1283,297,239, 55, 28,1719,-654,312,118 -1412,-127
,1832,713,684,2209, 10,-836,1439,-270,-83 -1728, 20,674
,,99,-447,2388 -1002,345,494 -1658,-703,1576, 77,521,2641
,-338 -1051,1529,-847, 43 -2220,-847,946,-564,-821,2168 -1418
, 129,178 -1955 -1263,1131 -1050,-314,1519 -1387 -1498,508 -1060
, 200 -2041,-376,1120,-453,-611,2958 -1035,270,572 -1533 -1088
,1182 -1381,-819,1474 -1502 -1374,1310,-844,1203 -1143,215,1171
,-189,559,2670,-564,447,831,-876,-661,1069,-921,-810,1252
,-1168 -1512,519 -1057,1564 -1173,202,1490,251,1106,3733,734
,1737,2306,236,283,1849,-677,-286,1346 -1401 -1762,-258 -1522
, 256 -2327,-792,461,-537,726,4028,1101,3038,3942,1909,1542
,3142,-28,-76,1154 -2880 -3362 -1260 -2189 -1649 -5028 -3116 -1325
,-2854 -1243,3835,-387,2800,3792,2046,1479,3161,-500,-916,660
,-3723 -4000 -1797 -2906 -1185 -5030 -2432 -1141 -2504 -1812,2678 -1721
, 924,1948,165,-39,1986 -1239,-982,1142 -2289 -3210,181 -1123
, 300 -2888,-246, 52 -2024 -1662,1214 -2871 -1190,-271 -1313 -1184
, 749 -1507,-618,2049,-285,-602,2669,939,1961,-688,1806,1466
,-1488,-798,958 -3032,-894,224,-960,-545,798,-853,-480,2553
,1375,1413,4118,2847,3821,1272,4178,2806 -1182,-555,1025 -3047
,-233,893,-775,-512,136 -2498 -2212,1772,433,298,3901,2449
,4828,2427,5032,3228 -1233 -1412,518 -3698 -1168,809 -1232 -1230
,-1273 -3748 -3305,1606,-104,-168,3579,1457,3793,1172,3720,2473
,-1659 -2310,-245 -4245 -1943,213 -1806 -2516 -1690 -4238 -3646,1446
, -35,172,2943,941
,-522,669,1946,361,310,2553,1571,-772,-223,347,-24,177
,-1394 -1198,177,-93,-263,-712,136,332,-706,-363,1612,395
,,57,2347,1077 -1047,340, 37 -1067,-671 -1810 -1515,233,-734
,-555,-537,,5,-37,-330,-400,1208,323, 29,3120,917 -1207
,1014,602 -1108,-197 -1650 -1241,788,-561 -1088, 47,390, -5
, 352,313,1225,-116,140,3712,605 -1256,1216,807,-529,834
,-969,-715,1927,533,-952,272,2008,-652 -1388 -1005,1451,554
,-1116,1515,378 -1432,1226,106 -1342,824,-153 -1252,1256,-42
,-1088,-217,1237 -1132 -1626 -1358,555,-533 -1101,1422, 30 -1572
, 597,-223 -1243,239,-232 -1480,684, 77 -1493,-824,451 -1638
,-920,-794,431 -1378 -1411,1763,143 -1953,-555,712,-907,569
, -40 -2296,695,369 -1861 -1404,981 -1831,-262,-590,742 -1347
,-1815,2089,845 -2105,-337,1682 -1085,1465,304 -2031,1762,1313
,-1488,-632,2063 -2136,701,-249,1359,-269 -1815,2556,1395 -1372
,1406,2143,-86,2247,1036,-820,3423,2322,-453,868,3029,-677
, 326,-462,925,-909 -2308,2402,648 -2294,727,2012,-994,2108
,1104 -1366,3103,1880 -1116,590,3254 -1245,-911 -1074,1171 -1178
,-2955,1243,172 -2170,-171,492 -1212,1802,964 -1432,2197,1843
,-576,399,2481 -1082 -1308 -1803,593 -1563 -4219,677,-396 -2946
,-1212,-851 -2103,874,258 -1708,2334,1253,-838,678,2226,-715
,-1071,-722,1066 -1884 -4274,671 -1141 -3976 -1956 -1415 -2610,231
,-684 -2195,1935,1119 -1261,722,2980,-833,2018,1728,3540,435
,-2959,2613,514 -3655,-722,-351 -2207,1337,-65 -1919,3046,1230
,-1696,871,3155 -1211,2590,2605,4294,1754 -1615,3881,1701 -2296
,-214,1426,-815,1838,348 -2793,2446,822 -2818,-878,2527 -2828
,1663,2386,3709,1063 -1425,3632,2573,-592,1184,2307,371,2366
, 608 -2488,1139,126 -3127 -1495,2086 -3058, 47,1150,2644,-997
,-2501,2317,1182 -1271,495,1134,-587,1572,-34 -2620,230,-114
,-3600 -2170,1493 -2970 -1611,-299,1229 -2518 -3694,1436, 93 -2248
, 224,548 -1063,1608,211 -2557,1143,430 -3467 -1485,2832 -2971
,-2011,-736,197 -3043 -3768,1451,362 -1793,546,969,-397,2292
, 693 -1709,1703,1154 -2286,-259,3984 -2351 -1583,-624,163 -2413
,-3494,1984,961 -1538,988,2235,313,2629,1001 -1052,2386,1722
,-1772,101,4028 -1752
