Classes in the dataset: ['birds', 'fire', 'handsaw', 'chainsaw', 'helicopter']
[[-3630 -3655 -3638 -3658 -3579 -3663 -3721 -3642 -3567 -3528 -3527 -3565
  -3601 -3608 -3657 -3631 -3595 -3644 -3615 -3619 -2925 -2939 -2846 -2969
  -2862 -2902 -2945 -2939 -2816 -2842 -2834 -2894 -2854 -2892 -2916 -2965
  -2895 -2939 -2889 -2962 -2452 -2418 -2338 -2376 -2353 -2371 -2427 -2360
  -2330 -2325 -2326 -2344 -2304 -2373 -2402 -2383 -2405 -2408 -2401 -2453
   -412  -418  -339  -389  -375  -437  -418  -441  -379  -358  -339  -334
   -377  -399  -400  -447  -402  -456  -465  -517 -1178 -1197 -1164 -1186
  -1135 -1227 -1285 -1168 -1198 -1192 -1173 -1136 -1142 -1164 -1208 -1237
  -1196 -1215 -1218 -1218 -1414 -1322 -1368 -1351 -1343 -1365 -1393 -1285
  -1337 -1259 -1289 -1310 -1300 -1310 -1437 -1405 -1406 -1382 -1405 -1356
   -771  -689  -724  -697  -698  -681  -735  -639  -655  -632  -643  -658
   -660  -718  -778  -719  -712  -755  -778  -796  -573  -500  -535  -531
   -472  -534  -499  -467  -497  -493  -380  -424  -452  -530  -512  -505
   -510  -573  -570  -639  -175  -108  -145  -172  -161  -116  -140  -124
   -126  -117   -81  -122  -120  -117  -102  -129  -108   -81  -140  -206
   -121   -62   -78  -138   -99   -94  -139  -162   -62   -82   -50  -115
   -117   -92  -117  -113   -99  -109  -142  -214   195   206   239   273
    307   335   270   331   358   394   348   322   267   229   245   223
    257   260   243   179   440   463   497   508   549   578   507   534
    593   602   600   612   496   441   458   477   492   419   408   428
    482   505   570   574   626   603   652   634   651   621   689   652
    540   482   514   499   486   433   482   474  1281  1280  1346  1420
   1454  1495  1566  1599  1556  1506  1477  1458  1295  1280  1294  1324
   1314  1293  1346  1301  1591  1540  1614  1696  1705  1791  1775  1751
   1764  1688  1617  1588  1534  1487  1510  1540  1567  1540  1537  1551
   1437  1415  1518  1589  1617  1641  1540  1563  1590  1535  1451  1467
   1457  1416  1429  1460  1422  1427  1404  1369  1679  1609  1700  1783
   1794  1799  1673  1774  1866  1740  1724  1772  1764  1668  1723  1740
   1774  1745  1699  1649  2033  2053  2093  2225  2169  2200  2082  2222
   2251  2158  2164  2197  2176  2118  2104  2208  2218  2175  2145  2125
   2334  2312  2357  2435  2434  2413  2371  2475  2506  2438  2448  2485
   2451  2343  2403  2474  2477  2432  2420  2393  1142  1084  1099  1179
   1132  1196  1114  1178  1237  1211  1186  1213  1243  1054  1044  1158
   1151  1137  1164  1134]
 [ 4233  4154  4177  4183  4178  4153  4205  4168  4157  4130  3989  4055
   4053  4082  4100  4166  4161  4142  4185  4245  1873  1780  1803  1830
   1851  1829  1845  1719  1773  1759  1726  1690  1729  1692  1767  1802
   1841  1837  1835  1858   456   435   379   444   396   419   445   418
    403   435   384   382   400   349   408   407   472   447   439   494
  -1945 -1971 -2032 -2065 -2084 -2053 -2052 -2040 -2017 -1981 -2043 -2092
  -2068 -2132 -2149 -2101 -2053 -2056 -2017 -2055 -2648 -2672 -2695 -2687
  -2703 -2692 -2739 -2716 -2704 -2703 -2843 -2840 -2827 -2801 -2819 -2769
  -2734 -2697 -2704 -2641 -2227 -2192 -2171 -2210 -2298 -2172 -2243 -2237
  -2203 -2213 -2272 -2285 -2339 -2298 -2289 -2309 -2291 -2177 -2232 -2099
  -1811 -1800 -1833 -1841 -1827 -1827 -1834 -1857 -1835 -1832 -1896 -1919
  -1891 -1933 -1960 -1889 -1850 -1838 -1854 -1759 -1512 -1501 -1497 -1491
  -1534 -1513 -1491 -1536 -1475 -1479 -1560 -1592 -1569 -1571 -1640 -1580
  -1569 -1538 -1511 -1427  -253  -199  -216  -274  -303  -265  -273  -303
   -259  -275  -350  -403  -327  -320  -359  -315  -305  -275  -222  -217
  -1218 -1214 -1217 -1262 -1267 -1272 -1262 -1245 -1197 -1281 -1300 -1380
  -1288 -1334 -1346 -1304 -1300 -1308 -1265 -1232  -263  -296  -284  -286
   -333  -327  -283  -254  -259  -305  -369  -435  -401  -395  -437  -332
   -351  -309  -308  -244   -38   -54   -52   -61   -71   -50   -15     4
     10   -52  -116  -134  -134  -131  -154  -106  -139  -112   -91   -30
   -141  -156   -70  -113  -137  -101   -28   -35   -70  -119  -153  -215
   -166  -172  -205  -201  -221  -216   -96   -81  -363  -362  -264  -247
   -282  -181  -139  -134  -203  -307  -362  -409  -461  -463  -455  -384
   -436  -341  -262  -243   313   343   413   409   401   463   434   390
    304   221   172    97   120   111   180   235   201   313   316   343
    898   955  1029  1052  1013   975   949   905   868   838   805   741
    740   774   815   769   725   800   823   939  1343  1394  1412  1450
   1427  1325  1313  1320  1275  1241  1199  1187  1166  1198  1298  1233
   1293  1346  1292  1411  1738  1866  1876  1913  1805  1724  1659  1774
   1651  1653  1643  1606  1541  1629  1664  1709  1724  1726  1685  1876
   1668  1780  1782  1799  1726  1612  1621  1714  1563  1585  1570  1510
   1539  1549  1613  1611  1655  1691  1642  1770   676   783   774   724
    671   639   652   658   601   626   528   465   436   432   482   559
    583   638   647   749]
 [  821   918  1004   685   622   643   453   176   135   -20  -340  -448
   -376  -601  -695  -934  -968 -1015  -696  -563  1466  1550  1754  1481
   1359  1231  1011   637   444    81  -228  -474  -503  -912 -1247 -1517
  -1832 -1890 -1406 -1296  1770  1858  1999  1741  1682  1485  1286   887
    563   209  -197  -344  -266  -965 -1446 -1759 -2160 -2222 -1798 -1510
   1671  1828  1994  1723  1512  1242  1094   980   652   370  -193  -387
   -486 -1008 -1389 -1581 -1968 -2181 -1984 -1758  1651  2113  2427  2207
   1786  1376  1293  1216   940   637    31  -511  -712 -1311 -1481 -1543
  -2025 -2335 -2253 -2073  1693  2120  2534  2266  1952  1691  1556  1243
   1016   590   -67  -604  -709 -1348 -1651 -1777 -2289 -2462 -2290 -1925
   1561  1870  2293  2035  1765  1566  1451  1239   966   573   -16  -494
   -757 -1247 -1490 -1669 -2137 -2407 -2156 -1709  1579  1923  2228  1868
   1729  1566  1414  1176   977   491   -87  -486  -653 -1249 -1542 -1737
  -2096 -2433 -2120 -1711  1405  1673  1898  1546  1399  1345  1354  1143
    823   387  -149  -512  -656 -1036 -1315 -1529 -1894 -2255 -2015 -1597
   1634  1921  2081  1674  1439  1336  1415  1361   937   521  -191  -596
   -684  -978 -1142 -1595 -2055 -2359 -2140 -1633  1592  1994  2215  1856
   1460  1285  1366  1280   819   460  -179  -617  -749 -1137 -1232 -1516
  -1986 -2403 -2178 -1758  1837  2239  2475  2116  1570  1367  1459  1339
    932   387  -208  -699  -875 -1348 -1510 -1762 -2395 -2799 -2612 -2075
   2030  2435  2520  2045  1692  1445  1620  1492  1017   254  -454  -857
  -1040 -1374 -1600 -1926 -2584 -3096 -2868 -2096  2130  2530  2580  2071
   1691  1603  1797  1639  1150   395  -351  -854  -972 -1185 -1524 -1940
  -2719 -3270 -2958 -2133  2054  2523  2660  2252  1737  1557  1755  1572
   1074   302  -498 -1043 -1173 -1487 -1689 -2046 -2677 -3248 -2893 -2173
   1959  2440  2523  2003  1587  1411  1479  1372   834   249  -541 -1083
  -1195 -1371 -1435 -1694 -2336 -2869 -2479 -1916  1936  2335  2436  1898
   1488  1393  1431  1318   852   294  -518  -964  -978 -1141 -1330 -1657
  -2320 -2779 -2440 -1939  2058  2499  2673  2165  1634  1520  1638  1462
    888   330  -474  -942 -1056 -1283 -1464 -1797 -2513 -3066 -2675 -2085
   2145  2534  2690  2101  1560  1525  1633  1511   980   357  -503 -1012
  -1060 -1267 -1464 -1810 -2521 -3077 -2637 -1975  2099  2492  2456  1918
   1423  1327  1454  1418   962   349  -526  -982  -951 -1124 -1232 -1543
  -2268 -2830 -2510 -1762]
 [  697   367  -419  -996 -1132  -578   113   488   541    82   -50     1
    416   991  1100   715  -102  -668  -734  -236   598   371  -667 -1421
  -1633 -1054  -185   447   603   152  -176  -123   458  1220  1540  1099
     85  -631 -1033  -513   820   323  -801 -1475 -1462  -738    21   342
    188  -353  -575  -139   701  1585  1830  1093   -31  -672  -746  -266
    912  1023   239  -779 -1497 -1399  -692   223   547   204  -485  -656
   -239  1007  1909  1834   909  -225  -954  -793   596  1470  1015  -457
  -2127 -2651 -1558   318  1512  1419   148  -919 -1242   144  1737  2645
   1830   132 -1531 -1694   685  1095   312 -1005 -2232 -2234 -1161   349
   1245   975    45  -489  -542   636  1699  2174  1189  -281 -1425 -1370
   1041  1344   164 -1207 -2286 -2007  -741   679  1307   708  -444 -1054
   -665   841  2056  2199   946  -516 -1485 -1098  1050  1178    59 -1297
  -2263 -1916  -641   633  1173   690  -493  -926  -449   987  2054  2077
    833  -645 -1511 -1033  1190  1132   -65 -1402 -2122 -1605  -260   882
   1114   328  -822 -1125  -424  1225  2165  1880   552  -759 -1436  -830
   1627  1659    66 -1667 -2552 -1721   -34  1439  1459    95 -1385 -1809
   -700  1404  2715  2416   675 -1012 -1688  -885  1431  1655   297 -1506
  -2745 -2147  -352  1357  1834   739  -823 -1721 -1062   904  2401  2462
    894  -967 -1892 -1281  1525  1840   335 -1646 -3008 -2417  -436  1496
   1899   669 -1124 -1977 -1201  1065  2776  2801  1060 -1054 -2104 -1397
   1801  1930   -18 -2204 -3295 -2212    70  1933  1982   271 -1739 -2261
   -969  1559  3154  2798   619 -1475 -2203 -1116  2001  1947  -186 -2585
  -3592 -2230   354  2246  2094   162 -1970 -2409  -884  1816  3410  2849
    428 -1780 -2321 -1055  1864  2019    70 -2307 -3593 -2501   -33  2099
   2344   662 -1453 -2259 -1145  1520  3304  3082   783 -1555 -2408 -1303
   1976  2114   182 -2124 -3385 -2273   231  2197  2352   639 -1522 -2257
  -1025  1576  3354  3106   761 -1539 -2415 -1221  2094  2167   110 -2176
  -3212 -2027   451  2290  2248   406 -1626 -2205  -858  1668  3406  2944
    702 -1505 -2263 -1052  2083  2158    73 -2259 -3362 -2082   483  2378
   2423   478 -1747 -2365 -1047  1534  3317  3014   759 -1462 -2252 -1000
   2300  2292   104 -2392 -3505 -2122   664  2647  2615   477 -1954 -2596
  -1104  1706  3572  3190   674 -1649 -2447 -1115  2409  2441   185 -2541
  -3685 -2292   593  2810  2764   513 -2026 -2827 -1272  1747  3761  3276
    640 -1887 -2733 -1319]
 [  275   715   905   398  -350  -844  -865  -546   -90   181  -167  -527
   -664  -248   359   856   862   612  -111  -612   294   846  1220   607
   -242 -1110 -1233 -1033  -364    71  -198  -795 -1111  -652   203   975
   1178   882    19  -609   462  1095  1215   530  -420 -1039  -932  -599
    -33    23  -604 -1431 -1389  -682   371  1143  1196   726   -30  -403
   -464   568  1346  1343   570  -391 -1103 -1049  -323   389   217  -708
  -1302 -1329  -568   639  1515  1582   750   -36 -1098   -10  1557  2226
   1488  -306 -1999 -2382 -1360   434  1310   392 -1121 -2049 -1532   -39
   1711  2404  1452  -162  -437   448  1592  1735   944  -772 -1944 -2059
  -1113   131   575  -205 -1267 -1603  -904   302  1584  1882   973  -321
   -573   704  1935  1760   636 -1046 -2000 -1724  -560   654   659  -519
  -1656 -1825  -883   588  1800  1798   555  -686  -415   833  1984  1717
    523 -1046 -2008 -1602  -582   550   485  -582 -1685 -1633  -661   734
   1812  1722   460  -680  -270  1048  2014  1625   205 -1205 -1798 -1167
    -86   799   530  -817 -1824 -1686  -438   911  1782  1536   131  -856
   -481  1256  2464  1907   223 -1564 -2195 -1266   465  1537   839 -1033
  -2387 -2317  -695  1138  2298  1846    69 -1225  -636  1016  2336  2183
    577 -1530 -2468 -1806  -129  1387  1271  -441 -2096 -2323  -868   866
   2151  1996   305 -1223  -820   991  2496  2387   660 -1706 -2740 -1963
    -60  1550  1312  -671 -2542 -2769 -1061  1013  2453  2300   488 -1224
   -689  1368  2799  2215   143 -2189 -2993 -1660   502  1904  1151 -1229
  -3035 -2846  -798  1445  2675  2135    57 -1566  -497  1767  3141  2314
   -104 -2610 -3232 -1590   821  2210  1190 -1449 -3333 -2938  -752  1704
   2883  2137  -226 -1802  -714  1506  3113  2505   257 -2382 -3347 -2061
    334  2018  1405 -1055 -3048 -3033 -1045  1388  2851  2386    55 -1653
   -697  1459  2991  2433   192 -2336 -3248 -1842   494  2080  1409 -1040
  -3062 -2921  -956  1428  2807  2238   -45 -1712  -510  1628  3075  2371
     59 -2344 -3077 -1574   764  2147  1324 -1193 -3049 -2908  -837  1524
   2811  2071  -147 -1763  -529  1699  3096  2397   -71 -2519 -3291 -1668
    740  2339  1514 -1159 -3161 -3101 -1058  1474  2708  2037  -225 -1871
   -544  1845  3321  2436  -132 -2739 -3467 -1717   905  2568  1597 -1237
  -3392 -3219 -1021  1674  2934  2158  -304 -2058  -661  1943  3503  2699
    -47 -2796 -3668 -1866   957  2691  1691 -1222 -3511 -3339 -1040  1837
   3310  2487  -254 -2124]
 [ 1138   979   706   245   -80  -280  -919 -1553 -1929 -1956 -1586  -823
   -118   500   815   780   765   752   698   198  1766  1498  1310   712
    208  -316 -1120 -2129 -2639 -2727 -2379 -1579  -657   299   832   986
    954   949  1062   692  1370  1230  1140  1040   639   132  -698 -1976
  -2648 -2848 -2728 -2020 -1249  -411   194   537   848  1250  1728  1403
   1119  1067   935  1163   985   733   300  -678 -1732 -2523 -2989 -2550
  -1917  -660   107   548   946  1528  2190  2169  2015  1913  1406   878
    277    38  -149  -870 -1835 -2964 -3614 -3080 -1858  -209   725   818
    682   764  1373  1660  2439  2264  1735  1221   508  -202  -654 -1641
  -2564 -3458 -3658 -2856 -1505   -37   842   984   844   992  1393  1420
   2180  1895  1388   970   647   344   -71 -1069 -2295 -3114 -3197 -2322
  -1327   -41   636   626   661   959  1429  1707  2220  2042  1534  1190
    728   322  -184 -1275 -2527 -3301 -3182 -2259 -1227    82   820  1030
    906  1143  1558  1756  2153  1881  1351  1025   831   692   171  -884
  -1965 -2759 -2740 -1866  -896   154   525   608   705   989  1594  1877
   2014  1465   929   842   877   927   633  -473 -1816 -2904 -2983 -1940
  -1007  -105   176    73   278   844  1802  2406  2600  2016  1232   739
    388   357    48  -832 -2056 -2935 -2838 -1817  -607   641   789   595
    451   554  1316  1962  2515  1940  1196   667   559   623   349  -660
  -2275 -3384 -3377 -2346 -1031   231   605   395   402   850  1708  2501
   2299  1550   893   524   602   779   483  -802 -2461 -3559 -3462 -2237
   -926   115   329   -57   131   820  1998  2818  2705  1744  1008   794
    884   950   618  -931 -2621 -3691 -3517 -1983  -638   287   467   -67
    101   910  2102  2903  2981  2190  1247   851   686   595   273 -1028
  -2710 -3786 -3677 -2110  -695   598   921   304   277   857  1856  2668
   2694  1884  1054   601   489   494   351  -830 -2478 -3440 -3288 -1954
   -618   631   787   175   117   700  1729  2543  2568  1788  1002   718
    647   699   475  -716 -2386 -3403 -3133 -1942  -611   466   579    38
    -10   586  1652  2456  2669  1645   730   504   488   437   367  -872
  -2576 -3549 -3305 -1970  -769   384   367  -316  -327   243  1486  2293
   2654  1652   615   415   471   541   394  -913 -2807 -3776 -3440 -1948
   -580   515   472  -305  -315   308  1510  2399  2542  1560   594   222
    222   498   360 -1060 -3031 -4030 -3695 -2255  -597   572   562  -322
   -324   345  1543  2525]
 [-1141 -1124 -1048 -1032 -1005  -962 -1043  -848  -948 -1056 -1007 -1209
  -1202 -1187 -1119 -1093 -1192 -1043 -1166 -1112  1019  1158  1306  1389
   1322  1436  1342  1559  1465  1377  1297  1257  1142  1140  1185  1177
   1000  1280  1239  1200   590   705   811   774   871   926   987  1070
   1047   917   800   779   738   650   735   755   551   684   698   684
  -1889 -1705 -1738 -1650 -1716 -1669 -1593 -1401 -1602 -1623 -1665 -1847
  -1906 -2004 -1835 -1862 -1931 -1853 -1854 -1849 -1803 -1700 -1555 -1748
  -1717 -1754 -1656 -1427 -1477 -1515 -1468 -1800 -1891 -1939 -1776 -1773
  -1722 -1761 -1691 -1801  -679  -677  -594  -693  -519  -741  -610  -364
   -395  -565  -580  -748  -821  -910  -752  -654  -707  -736  -596  -709
   -932  -865  -705  -653  -609  -771  -562  -418  -690  -548  -632  -838
   -874  -955  -754  -713  -812  -822  -757  -856  -521  -429  -375  -468
   -315  -329  -142   -53  -153  -141  -279  -487  -549  -587  -319  -339
   -452  -469  -465  -544   926  1030   954  1003  1050   951  1167  1326
   1285  1209  1099   918   887   761  1045  1109   884   954   928   854
   -178    44    33    20   -77   -78    88   160   135   219    10  -118
   -269  -209   -25    62  -161  -131  -112  -115   200   300   275   290
    409   409   468   630   671   748   542   264   242   218   419   445
    333   335   309   272  1461  1542  1599  1502  1737  1862  2098  2231
   2365  2392  2254  1829  1656  1693  1867  1736  1679  1635  1556  1454
   2521  2820  2953  2840  3131  3268  3534  3725  3659  3738  3452  3038
   2943  2938  3117  3143  2945  2794  2699  2566  2167  2397  2529  2537
   2856  2954  3332  3539  3336  3283  2789  2297  2327  2447  2776  2851
   2923  2948  2853  2442  1635  1883  1931  2052  2263  2312  2606  2805
   2636  2481  2122  1757  1708  1706  2053  2142  2057  2177  2177  1970
    107   188   311   338   403   337   452   601   556   525   319    32
    142    99   424   426   156   226   369   286  -538  -735  -754  -788
   -775  -799  -756  -598  -526  -610  -757  -897  -842  -887  -501  -335
   -609  -495  -330  -322 -1106 -1327 -1393 -1660 -1595 -1648 -1585 -1585
  -1410 -1644 -1690 -1882 -1757 -1686 -1321 -1015 -1151 -1178  -899  -974
  -2244 -2289 -2338 -2559 -2529 -2596 -2637 -2563 -2419 -2647 -2786 -2854
  -2732 -2499 -2193 -1790 -2080 -2188 -1946 -1922 -2636 -2765 -2894 -2884
  -3025 -3183 -3021 -2828 -2718 -2982 -3126 -3128 -3033 -2803 -2682 -2312
  -2500 -2465 -2386 -2333]
 [ 1246   905   190  -505 -1198 -1472 -1428 -1014  -243   804  1956  2270
   2170  1830   867   -98  -894 -1298 -1746 -1798  2037  1546   527  -417
  -1265 -1875 -1870 -1660  -638   777  2208  2717  2840  2440  1295    -7
  -1153 -1772 -2309 -2409  2312  2206  1272   245  -802 -1622 -2132 -2363
  -1438   -80  1140  1928  2522  2311  1525   712  -262 -1086 -2033 -2320
   2103  2388  1848  1139   187 -1126 -2236 -3082 -3071 -1912  -450   858
   2052  2328  1961  1488   377  -422 -1545 -2105  1710  1437   779   258
   -242 -1109 -2032 -2980 -2812 -1616   179  1536  2658  2691  1750   668
   -858 -1505 -2054 -2238  2152  1619   543  -430 -1203 -1947 -2522 -2930
  -2077  -432  1275  2636  3119  2811  1544   265 -1243 -2052 -2618 -2695
   1516  1348   644     8  -546 -1488 -2159 -2756 -2166  -714  1119  2200
   2634  2361  1080   190  -836 -1477 -1984 -1991  1821  1615   784   -52
   -760 -1761 -2372 -2751 -2184  -556  1315  2485  2958  2591  1095   136
   -833 -1566 -2252 -2286  1655  1572  1055   403  -374 -1274 -2017 -2270
  -1806  -506  1237  2124  2580  2302  1122   393  -387  -927 -1518 -1623
   1268  1591  1385   992   374  -908 -1926 -2667 -2449 -1268   701  1567
   2244  2045   996   398    35  -318  -973 -1344  1063   970   610   208
   -217 -1039 -1871 -2386 -1865  -505  1415  2344  2798  2086   699  -245
   -949 -1188 -1479 -1494  1376  1434  1168   958   286  -838 -2047 -2730
  -2280  -895  1213  2389  2968  2547  1196   228  -486  -849 -1253 -1418
   1048  1477  1397  1302   654  -722 -1895 -2573 -2216  -706  1374  2407
   2799  2262   960   195  -273  -352  -751  -973  1049  1536  1522  1310
    462 -1082 -2333 -2776 -2256  -546  1677  2687  2946  2206   798    32
   -409  -566  -998 -1065  1174  1296  1160   802    17 -1277 -2335 -2848
  -2273  -710  1749  2948  3279  2429   886  -237  -823 -1038 -1387 -1368
    955  1277  1072   940   280 -1027 -2162 -2832 -2394  -978  1274  2508
   2858  2111   703  -246  -727  -820 -1197 -1234   998  1294  1198  1074
    306 -1008 -2227 -2910 -2621 -1044  1183  2280  2684  1962   637  -197
   -591  -716  -982 -1043   572   875   982  1079   503  -712 -1911 -2787
  -2498  -964  1179  2121  2259  1474   108  -552  -825  -834  -870  -724
    530   804   860  1102   486  -902 -2220 -3009 -2562  -941  1269  2273
   2419  1502    33  -724  -938  -845  -935  -861   746   979   823   975
    313 -1128 -2542 -3261 -2772 -1032  1358  2507  2680  1740   135  -733
  -1131 -1011 -1203 -1164]
 [ -499  -367   908  1458   905   214  -268 -1146 -1423 -1236  -748  -613
   -181   935  1422  1156   585   155  -716 -1321 -1191  -503  1322  1916
   1515   732   118 -1036 -1548 -1101  -961  -750  -147  1301  1908  1807
   1005   280 -1211 -1734 -1946  -646  1349  1795  1614  1236   525  -618
  -1153 -1020 -1056 -1096  -291   970  1465  1723   892   281 -1022 -1131
  -2773 -1511   522  1384  1913  1979  1295  -101  -744  -865 -1513 -2009
  -1117    29   598  1584  1204   798  -615 -1104 -2303 -1971   -29  1069
   1672  1932  1374   -75  -845 -1122 -1379 -1610 -1176   498  1311  2111
   1744  1021 -1036 -2370 -1823 -1253   730  1387  1717  1761   956  -368
  -1123 -1238 -1443 -1270  -419  1283  1967  2446  1665   678 -1292 -2577
  -2476 -1642   513  1290  1806  1658  1070  -249 -1054  -981 -1165 -1255
   -217  1239  1735  2027  1259   377 -1650 -2556 -2457 -1458   818  1546
   1921  1490   772  -495 -1288 -1035 -1157 -1297  -139  1284  1823  2131
   1348   420 -1599 -2726 -2281 -1505   569  1474  1677  1411   869  -363
  -1074  -949  -877 -1118  -243  1068  1752  1814   953   329 -1437 -2258
  -3285 -2224   315  1473  1830  1974  1165  -169  -873  -696  -878 -1412
   -352  1133  1562  1847   971    35 -1661 -2208 -2697 -2001    61  1321
   1868  1589  1015  -375 -1048  -973  -876 -1013   -24  1234  2098  2248
   1172   166 -1952 -2754 -2928 -2298     4  1535  2295  2030  1301    49
   -955 -1046 -1000 -1082  -344  1063  2149  2399  1302   205 -1911 -2862
  -3426 -2442   226  1701  2363  2129  1220  -101 -1008  -901  -823 -1207
   -198  1479  2234  2349  1122  -129 -2277 -2946 -3702 -2448   393  1925
   2554  2269  1034  -396 -1147 -1095  -901 -1163    76  1702  2366  2569
    934  -406 -2673 -3283 -3534 -2554   314  1804  2528  2504  1214  -188
  -1076  -980  -875  -962   331  1928  2597  2797  1252  -307 -2793 -3490
  -3634 -2665   147  1630  2580  2397  1366    33  -775  -692  -763  -892
    147  1755  2269  2609  1139  -418 -2557 -3056 -3721 -2694   150  1790
   2481  2334  1270    63  -779  -728  -796 -1013   -51  1664  2187  2543
   1188  -328 -2369 -2817 -4005 -2857    18  1579  2445  2344  1341   264
   -490  -431  -540  -885   310  1947  2308  2570   912  -494 -2652 -3024
  -4048 -2887     5  1667  2645  2497  1321   134  -614  -637  -614  -983
    393  2173  2451  2504   825  -767 -2816 -3047 -3865 -2781    77  2048
   2803  2611  1440  -150  -850  -980  -900 -1065   220  1971  2602  2649
    947  -648 -2772 -3026]
 [-3818 -3732 -3586 -3774 -3746 -3596 -3608 -3595 -3542 -3162 -3037 -2990
  -2941 -3034 -3281 -3253 -2895 -3220 -3154 -3645  1855  1953  2278  1991
   2124  2381  2294  2389  2524  2778  3042  3027  3101  3006  2787  2862
   2892  2654  2657  2178  3651  3572  4044  3644  3845  4036  3940  4018
   4215  4554  4903  4596  4658  4754  4366  4451  4677  4394  4363  4035
     31   -81    49  -216   -85   104   111   -10   -32   269   446   267
    245   293   187   530   460   302   460    14    21  -138    46  -304
   -177   163    82    85   -52   196   467   325   352   482   326   250
    508   336   617   246   544   542   592   -88    74   582   374   611
    329   620   951   746   724   893   783   609   989   679  1154   742
   -641  -692  -704 -1092  -892  -589  -797  -697  -871  -834  -363  -468
   -498  -390  -751  -407  -227  -453   -94  -564  -705  -986 -1018 -1170
  -1107  -992 -1107 -1166 -1221 -1193  -746  -889  -939  -743 -1087  -668
   -470  -812  -427  -923  -579  -855 -1083 -1126 -1133 -1018 -1135 -1167
  -1350 -1039  -840 -1132 -1000  -865 -1183  -656  -447  -713  -370  -915
   -714 -1032 -1326 -1390 -1241 -1187 -1305 -1403 -1664 -1631 -1286 -1470
  -1628 -1405 -1509 -1039  -765 -1115  -602  -966 -1477 -1794 -1959 -2346
  -2181 -1935 -2122 -2146 -2448 -2347 -2088 -2350 -2293 -2208 -2361 -2036
  -1879 -2015 -1551 -2047  -649  -854 -1258 -1595 -1577 -1369 -1740 -1845
  -2146 -2088 -1853 -2088 -1929 -1859 -2255 -1861 -1418 -1673 -1236 -1509
    426   -42  -475  -740  -668  -475  -748 -1083 -1312 -1424 -1213 -1614
  -1389 -1420 -1801 -1584 -1090  -950  -652 -1140   776   523   357    59
    280   574   142  -266  -463  -501  -338  -798  -640  -453 -1007  -879
   -465  -590  -276  -789  1559  1279  1111   775  1051  1507   957   659
    582   672   867   423   544   817   288   465   912   732   864   293
   1213   873   635   728  1005  1366  1193  1014   876   948  1150   761
    726   804   427   776  1159   867   987   247  1377  1128  1079  1301
   1528  1724  1601  1452  1303  1186  1407  1122  1145  1112  1011  1193
   1596  1286  1175   552   841   642   389   516   775  1080   961  1062
    823   686   982   584   542   609   409   675  1024   740   797    67
    762   212   -98   -29   326   608   661   710   427   290   733   320
    245   185   -93   230   724   345   410  -158   665   379   -49  -159
    195   726   487   380   163   120   423    72    85   -42   -70   133
    508   226   305  -232]
 [ 2324   879  -288   -74    -5    -7    66    91   407   400   870  1609
    753    81   539  1164  1265   307  -700 -1424  2333   543 -1359  -776
   -703  -616  -500  -833  -223  -352   286  1162   376  -390    21   448
    362  -148 -1838 -2701  2063   172 -1205  -121  -339  -342  -647 -1235
   -869  -490  -139   397  -154  -770   309   551   380  -296 -2420 -3315
   2996   735  -901  -113   162   139   293  -704 -1137  -906  -235   226
   -468  -911    67   240   683   874  -760 -2674  4090  1494 -1152 -1214
   -817   -13   801   151  -433  -694  -237   823   552  -550  -814  -749
    304  1651   460 -1922  3893  1341 -1120 -1041  -809  -217   450  -323
   -542  -266   263   896   583  -264  -284  -500   265  1069  -402 -2464
   3802  1208 -1499  -699   151   692  1317   -49  -558  -242   171   883
    -66  -856  -551    35  1110  1633  -201 -2485  3675   966 -1767  -795
     39   722  1307  -190  -816  -507   103   960    24  -880  -346   363
    905  1383  -566 -2955  2978   255 -2220  -675   378   756   946  -311
   -663  -401  -263   582    36 -1359  -551   667  1032  1384  -613 -2959
   3071  -184 -2633  -637   738  1283  1528  -297  -972  -438  -208   466
   -380 -1800  -701   780  1684  2337  -150 -3347  3798   583 -2386 -1421
    137  1353  1566    -2  -382  -244   262  1141   298 -1550 -1218   151
   1656  2158   114 -2956  4053   618 -2354 -1284   329  1862  1698   108
   -525  -609   -68   893    56 -2039 -1710  -124  1788  2314  -136 -3329
   3925   130 -2675  -954   997  2297  2123   308  -656  -713  -144   632
   -809 -2757 -2041  -180  1797  2322  -734 -4073  3555  -583 -3410 -1074
   1050  2521  2466    93  -347  -290    16   625  -598 -2779 -1808   246
   2048  2662  -865 -4354  3704  -330 -3574 -1764   797  2238  2603   399
   -260  -119   185   853  -457 -2342 -1710   406  2331  2962  -340 -4110
   3325  -396 -3618 -1913   938  2223  2412   307  -555  -253   373   943
   -512 -1960 -1406  1020  2778  3351    70 -3616  2831  -901 -3888 -2095
    665  2108  1881    52  -506  -298   494   883  -612 -1883 -1202  1205
   2783  3392   -25 -3383  2827 -1249 -4476 -2299   340  1656  1716    59
   -755  -417   509   677  -996 -2241 -1275  1153  2889  3472   248 -3504
   2862 -1304 -4630 -2463   272  1632  1786   198  -827  -596   394   625
  -1018 -2214 -1330  1160  3198  3276  -132 -3902  2991 -1368 -4717 -2749
    241  1808  1696   -90 -1029  -592   316   499  -997 -2323 -1498  1283
   3257  3552     5 -3961]
 [   60  2055  2378   234   -51  1555   875 -1048   -25  1330  -361  -741
   1230  1690  -782  -355  1920   472 -1300   311  -284  1814  1887  -575
   -544  1022    83 -2357  -804   622 -1351 -1574   486   653 -1885 -1333
   1043  -502 -2202   -99    90  2191   639  -836   187  1093  -621 -2036
    321   120 -1921  -775   724  -417 -1907  -485   826 -1286 -1371   790
   -173  2570  -263 -1100  1015  1810  -714 -1522  1548   315 -2454  -244
   1103 -1102 -2433   668  1337 -1554  -702  2334  -399  2030  1012  -620
    273  1805   197 -1623   957  1354 -1510  -670  1126   320 -1850  -134
   1532  -408  -805  1435  -128  2457  1159  -489   328  1904  -407 -1747
    851   927 -1697  -323  1529    91 -1622   111  1611  -627  -900  1372
    -61  2611   959  -834   547  1971  -351 -1881  1150   956 -1688  -103
   1926   137 -1771   274  2142  -844 -1051  1801  -534  2708   993 -1120
    153  2007  -323 -2185   887   898 -2309  -667  1539   -20 -2218    46
   2260 -1115 -1370  1921 -1995  1590   586 -1747  -939  1362  -301 -2808
      8   728 -2252 -1747   882    -9 -2834  -977  1643 -1368 -2311  1009
  -1354  2124   100 -1997   -18  1606  -835 -2299  1221   969 -2575  -609
   1380  -466 -2572   121  1982 -1546 -1458  1990 -1211  1512  1187  -765
   -601  1372   209 -1750   686  1231 -1385  -851   861   451 -1927  -533
   1587  -995 -1760   639  -589  1872  1554   -27  -110  1538   678 -1417
    255   976 -1437 -1439    78  -220 -2843 -1750   132 -2111 -2837  -691
   -135  3223  2351   287   815  2633  1164  -987  1274  1638 -1836 -1508
    255 -1121 -4071 -2591  -753 -3774 -4406 -1404  -362  3348  2142   606
   1181  3100  1997    91  2348  2485  -485  -441  1046  -122 -2870 -1745
     99 -2971 -3840  -898 -1300  2287  1190  -352   552  2916  1648    35
   2902  2922   -24   807  2129   782 -1636   -61  1643 -1433 -2024   980
  -2097  1289   210 -1255  -391  1707   531  -848  1983  2290  -301   909
   2470  1169  -741  1039  2779   343  -240  2248 -3097   118  -998 -2771
  -1569   453  -746 -1926   880  1335  -830   393  2250   963  -682  1558
   3078   783   397  2895 -4221  -774 -2644 -4222 -2376  -539 -2291 -3113
    371   393 -1992   536  2521   955  -498  2468  3848   935   807  3638
  -4026  -631 -2700 -4073 -2163  -812 -2511 -3161   291   205 -2122   832
   2800  1144  -315  2735  4009   882   772  3791 -3260  -456 -1970 -3494
  -1911  -318 -1929 -2529   169   251 -1552   545  2160  1187  -400  2292
   3619   936   537  3036]
 [ 2038  1031  -236  1261  2042  -138  -944  1451  1135  -649  -140  1172
    366 -1071   828  1684  -894  -763  1410   983  1517   674  -227   793
   1618 -1104 -1690   692    -9 -1673  -905   143  -733 -1947    48   920
  -2194 -1676   691   -42  1342   135   361  1444   892 -1448  -817  1176
   -804 -1628   -86  -224 -1187 -1015   609   527 -2256  -777  1070  -635
   2077   -30  1206  2755  1802  -883   333  2657  -647  -899  1916   486
   -750   -40  2273  1358 -1516   887  2502  -553  1749   424   344  1904
   1947  -689  -622  1681   -14  -966   802   958  -741  -829  1468  1462
  -1338  -383  1901   105  1298  -130    98  1375  1294 -1216  -922  1266
   -430 -1443   586   599 -1307 -1039  1099  1052 -1967  -702  1526  -637
    948  -754  -308  1234  1038 -1656 -1402  1054 -1093 -2032   602    99
  -1446 -1238   985   766 -2359  -803  1195  -893  1285  -935  -564  1204
   1196 -2129 -1719  1517  -897 -2248   436    35 -1669 -1449  1030   981
  -2886 -1328  1584  -946  1002  -496 -1035   744  1581 -1913 -2008  1529
   -126 -2226  -188   264 -1182 -1902   703  1199 -2666 -1775  1752  -562
    781 -1193  -578  1333  1135 -2415 -1376  1994  -607 -2014   792    -5
  -1850 -1173  1373   915 -2607  -905  2094  -977   252  -781 -1134   357
   1345 -2045 -1758  1074  -228 -1532  -246  -389 -1355 -2021   381  1034
  -2666 -1995   586  -929   934   245   -86  1214  1995 -1044 -1368  1036
    -38 -1312  -358  -603 -1327 -2417  -401   255 -3564 -3366  -455 -1579
   2747  1468  1735  3387  3516   -41    26  3112  1234  -632   793   115
  -1657 -2365  -162  -346 -4741 -3887  -772 -2426  2281  1458  1980  3258
   3660   837   868  4043  2344   820  2207   811  -731 -1162   227    90
  -4175 -3277  -323 -2081   462  -784   254  1643  2406  -315   316  3638
   1784   756  2677   893  -506  -685  1373  1224 -3125 -1955  1016 -1165
   -755 -1938 -1015   415   879 -1639 -1253  1942   621  -516  1653   731
   -430  -318  1888  1906 -1602  -622  2402   323 -1652 -2865 -2419  -937
   -555 -2824 -2644   665  -275 -1254   769   642  -486  -137  2248  2503
   -854   329  3158  1096 -2367 -3970 -3038 -1408 -1158 -3630 -3139   667
   -953 -1742  1248   803  -151   491  2937  3506  -224  1211  4502  1795
  -2262 -4265 -2785 -1132 -1191 -3677 -3256   868  -934 -1617  1879  1227
    116  1156  3107  3723    12  1286  4598  1837 -1486 -3069 -2248  -315
   -348 -2522 -2130  1309  -105  -748  1974  1772   371  1468  3208  3458
    446  1338  4034  2002]
 [  871 -1025   664  1756 -1223 -1172  1483  1412  -991  -357  2081   832
  -1180  1548  1491  -985  -635  1842  1219 -1159   348 -1767   146  1273
  -2131 -1831  1252   358 -1598 -1021  1377   168 -1788  1345  1163 -1878
   -759  1636   386 -1327  -288 -1031   912   427 -2524  -427  1722  -670
  -1450    77   717  -558 -1042  1818   508 -1935   558  1814  -386  -590
   -543   164  2608  1117 -2608   935  2884 -1045  -941  1463   926 -1115
   -440  3193   448 -2166  1886  2567  -982     3    97  -588  1701  1614
  -1995  -752  2178   103 -1151   659  1415  -604 -1295  2404  1289 -2081
     43  1825   -73  -388  -511  -766  1726  1085 -2318  -767  1942  -526
  -1605   705  1134  -925 -1159  2216   655 -2405   175  1702  -478  -680
   -668  -716  1777  1164 -2896  -615  2430 -1005 -1548   538   585 -1251
  -1298  2316    33 -2967   420  1905  -684 -1050  -718  -937  1724  1449
  -3183 -1037  2810  -786 -1847   571   724 -1116 -1719  2391   405 -3563
    305  2460  -752 -1435   -87 -1367  1331  1707 -3032 -1473  2584   -63
  -1906  -294  1373  -681 -2361  1928   888 -3393  -296  2457  -151 -1822
   -778  -629  2185  1006 -3562  -551  3180  -949 -1721   728  1002 -1321
  -1552  2523   190 -3726   603  2754  -943 -1106   222 -1080  1267  1477
  -2504 -1239  2131   239 -1083  -326  1020  -790 -1958  1764   347 -3127
   -768  1335    -4 -1097   702  -385  1470  1883 -1902  -950  2206   791
   -838  -498   783  -578 -2022  1250   358 -3263 -1447   750  -245 -1290
   1129   478  2929  2779 -1798  -218  3971  1463  -642   536  1448  -837
  -1984  1589  -147 -4563 -1524  1105 -1149 -2067  1315   681  2680  2561
  -1778   576  4430  1707   411   994  1759   -34 -1511  1765   -91 -4601
  -1357  1118 -1021 -1421   -49  -207  1977  1764 -2680   223  4077  1109
     98  1061  1575  -362 -1359  2182    64 -4464  -701  1899  -579 -1065
   -703  -702  1307   985 -3174 -1019  2899   317  -883   227   797  -614
  -1119  2042   234 -3495  -102  2614   220  -247 -1275 -1186   543    93
  -3788 -1641  1998  -321 -1533  -189   560  -770  -873  2193   492 -2839
    260  3024   723   -31 -1698 -1392   618  -170 -4540 -1504  2273 -1023
  -1737   241   476  -781  -658  2966   651 -2648  1208  3738   870   751
  -1695  -976   806  -134 -4652 -1577  2394 -1052 -1602   519   554  -626
   -281  3193   614 -2682  1256  3767   846   550 -1011  -699   998  -178
  -3731 -1194  2480  -103 -1207   351   902  -205   -13  3023   638 -2214
   1060  3655  1145   250]
 [ -244  -246  -888   335  -415  -988  -396  -619  -246  -605 -1131    57
   -923 -1348  -145  -623  -688  -337  -514    48   447  1397  -963  1569
    662  -772  1348  -458   304  1006 -1217  1512   -88 -1288  1578  -673
   -424   995  -485  1146   179  1373 -1560  1674   466 -1319  2189  -753
    195  1527 -1578  1637  -113 -1858  2271 -1528  -966  1373 -1269  1159
  -2427  -432 -3707  -300 -1425 -3713   542 -2178 -2187   -33 -3181  -261
  -2000 -3644   675 -3320 -3179    41 -3607  -605  -825   334 -1735   992
    141 -1461   731  -629  -491   555 -1483   646  -659 -1910  1100  -891
  -1427   415 -1763   135  -146  1462  -763  1750  1210  -509  1855   317
    117  1245  -664  1277   200 -1059  1830   -92  -618  1521  -641   842
    376  2912  -584  2712  2289  -596  3175   884   638  2457   -35  2311
   1333  -486  3355   513   255  2561  -244  2016  -167  2764 -1182  2389
   2457 -1327  2821   798  -374  2485  -642  1569  1539 -1461  3228   312
   -669  2595  -682  1653 -1202  1099 -2452   964   906 -2488  1355  -618
  -1373  1168 -2098   604   210 -2474  2050  -703 -2170  1372 -1958   332
  -1000  1651 -2367  1348   793 -2619  1984  -568 -1172  1893 -1767  1014
    641 -2182  2640  -843 -2049  2066 -1675   591   243  2195 -1177  2622
   1315  -959  2732   -49   596  1916  -968  2472   785  -740  3199   -36
    212  2021  -897  2157  -157  1614 -1552  1880   787 -1412  1938  -687
     64  1170 -1512  1600   186 -1534  2479  -691  -952  1435 -1563  1329
  -1411   856 -2717   344  -348 -3502   211 -1928 -1883    92 -2880  -105
   -946 -3257  1009 -2203 -2903    87 -2854  -222 -1566  1640 -2378   724
    374 -4074   493 -2104 -2716  1071 -3175    12   118 -3516  2033 -1498
  -3242  1075 -2981   -55  -918  2797 -1736  1930  1406 -2972  1962  -917
  -1168  2696 -1789  1696  1352 -1956  3506  -406 -1744  2591 -1718  1460
   -768  2579 -1246  1505  1733 -1973  1936   653  -222  3064  -408  1966
   2113  -835  3667   930  -724  2990  -564  1727  -540  1981  -649  1289
   1636 -1304  1690   832    81  2281   115  1761  1775  -392  3270   878
   -729  2420  -311  1807 -2084  1729 -2189   320  1019 -3094  1361  -238
  -1420  2062 -1177   893  1409 -1914  3136   -72 -1915  2386 -1824   872
  -2265  1764 -2149   188  1371 -3318  1133  -187 -2058  2007 -1303   427
   1425 -2267  2730  -208 -2297  2403 -1636   782 -1883   254 -1962  -296
     66 -2602  -169  -824 -1798   444 -1380  -440  -128 -1969  1338  -723
  -2402   613 -1493   130]
 [ -373  -199   481   408   455    49   302   829  -877  -865  -327 -1167
   -633  -918  -930  -765 -1627  -596  -203 -1020   795   664  1872   972
   1283  1109   444  1818  -204  -380   724 -1369   -52  -230 -1126   -27
  -1511  -452   632 -1055   297   130  1731   -54   670  1203  -300  1467
   -568  -829   720 -1892  -220  -305 -1921  -319 -1743 -1112   120 -1892
  -2541 -3273  -675 -3577 -2471 -1771 -3451 -1097 -3088 -2831 -1042 -4032
  -2061 -2014 -4573 -2395 -3876 -3247 -1946 -4342  -546  -880  1236  -496
   -277  -157  -944   582  -741  -927   539 -1377  -175  -236 -1777  -932
  -2052 -1323  -188 -1610   768   499  2674   888   852  1483   773  2129
    744   312  1559  -291   829  1021  -713   466  -497   274  1014  -481
   1650  1580  4092  1369  2063  2839  1488  3654  1885  1605  3606   911
   2529  2812   678  2372   898  1872  2695   572  1333   773  3741   787
   1297  2585   682  3065  1446   480  3204   219  1466  2727  -235  1644
    610  1142  2618   -69  -329 -1311  1297 -1070  -760   318 -1052  1154
   -708 -1380  1209 -1632  -355   593 -1760  -195 -1110  -657   919 -1789
    121  -827  1887 -1238  -790   911  -736  1507  -225  -943  1819 -1307
    485  1431 -1180   586  -395   111  1559 -1346  1121  1160  3262   372
   1419  1701   602  3146   753   902  2968   231  2405  2099   391  2255
    382  1875  2880    88   557   220  2262  -297   368   850  -263  2111
     71   -85  1580  -580  1030   865  -766   968  -927   429  1712  -662
  -1320 -2304   122 -2809 -2536 -1513 -2891  -622 -2436 -3071  -580 -2932
  -1454  -858 -2991 -1330 -2617 -1781  -374 -2948  -830 -2297   592 -2858
  -2929 -1551 -3716 -1145 -2966 -3671  -218 -3058 -1235    45 -2718  -383
  -1541 -1149   784 -2530   129  -850  2322 -1577 -1235   347 -1951   926
   -712 -1167  2226  -862  1275  2498  -335  1852   639  1359  2802  -693
    889  -121  2581  -639  -401  1439  -358  2017   974   230  3185  1025
   2524  3784  1133  2782  1937  2285  3465   538  1205   396  2417  -103
    -43  1591   318  2171  1130   537  2825  1043  2203  3328  1181  2485
   1768  2163  3134   656   -42 -1219  1489 -2112 -1824   339 -1645  1089
    -55 -1038  1822  -772   628  2074  -878   986   213   587  1726 -1470
    259 -1700  1405 -2071 -2177   236 -2029   369  -729 -1992  1055 -1473
   -381  1559 -1439   438   161   276  1463 -1486  -773 -1847   -24 -2585
  -2702 -1321 -2442 -1007 -2101 -2633  -916 -2330 -1558  -471 -1830 -1086
  -1193  -579  -257 -1814]
 [  315 -1102 -1305  -320  -189   476  -679  -145  1325  -139   494   418
  -1489  -156  -460  -114   173 -1277   666  1040   624 -1235  -781   361
   -385   996  -715  -188  1953  -776   689   833 -1873   468  -293  -499
    722 -1375  1013  1565   817 -1647  -676   965 -1236   648 -1048  -809
   2051 -1098   637   954 -2448  1274    66 -1399   634 -1717   784  1752
   1055 -2772 -2198   600 -3000  -689 -1771 -2718  1153 -2109   -55  1028
  -3671   644  -149 -2430   711 -2849  -457   397   860 -1513 -1308   194
  -1097   265  -429 -1257   835 -1036   322  1266 -2015   -30   -17  -596
   1245  -981  -232   155  1251 -1238  -774   963  -558   827    76  -802
   1455  -406   583  1558 -1646   427   314  -683  1286  -722   660  1145
   2622 -1360  -538  2327  -393  1756   387 -1006  2389   -68  1291  2098
  -1859  1746  1486  -245  2257 -1261  1116  1662  2666 -1664 -1509  2489
   -698  1431   454 -1719  2686    61   604  2613 -2646  1340  1856  -764
   2287 -1562   814  2308  1875 -1879 -1546  1736 -1314   654  -475 -2046
   2345  -944    -1  1808 -3024   657  1090 -1081  1518 -1930  -309  1761
   2114 -2028 -1141  2641 -1258   701  -271 -2632  2053  -664    44  2243
  -2782  1163  1889 -1029  1698 -1831  -374  1614  2493 -1833    -7  1916
   -316  2417   -34 -1119  2444  -568  1577  2002 -2328  1601   966   459
   2550 -1997   573  1673  2178 -1534  -268  1783  -469  1928  -398 -1804
   1823  -817   899  1286 -2797   658   647  -128  1944 -2301  -584   992
   1871 -1884 -1317  1885  -788   762 -1051 -3149   846 -1613  -798   337
  -4113  -561   181 -1376   705 -3461 -1842   -35  2108 -1920 -1040  2733
  -1203  1149  -550 -3707  1656 -1639  -940  1222 -4815    68   991 -1766
   1435 -3923 -2322   631  2930 -2109  -818  3475  -708  2187   -20 -3006
   2721  -511   676  2487 -3651  1348  1818  -874  2477 -3399 -1166  1580
   2473 -1329 -1061  3141  -163  1627   364 -2368  2431   459  1046  2753
  -2303  1455  2324    -2  2608 -2366  -790  1687  1712 -1173  -961  2881
    434  1158   251 -1873  1683   552   954  2106 -1911  1092  2171   189
   2023 -2307  -860  1585  1725 -2061 -1915  3198  -749   730   -88 -3464
   1473  -357   -25  2356 -3212   793  2109  -927  2308 -2797 -1415  1496
   1598 -2195 -2450  3336  -741   395    -7 -3874  1138  -365  -406  2262
  -3445   439  2130 -1268  2000 -2723 -1653  1681   384 -2670 -2117  1930
   -304  -184 -1177 -3229   154  -506  -390   685 -3118  -211  1503  -780
    732 -2718 -1813   687]
 [ -631 -1119 -1500 -1789 -1259 -1219 -1478  -372  -411   588   406   749
   1237  1169  1963  2155  1796  1791  1706  1414 -2558 -2981 -3163 -3788
  -2936 -2819 -2620  -886 -1359   310   539   774  1890  1579  2367  2730
   2380  2892  2056  1707 -3530 -3628 -3526 -4108 -3189 -3195 -3106 -1088
  -1542   141   325   494  1663  1275  2051  2739  2385  2870  2602  1808
  -2962 -2900 -2503 -3603 -2101 -2490 -2708 -1005 -1981  -944  -793  -940
    114    16   829  1626  1007  1176  1179   372 -1992 -2197 -2036 -2949
  -1906 -1557 -1840  -447 -1334  -451  -197  -239   845  1002  1717  2150
   2061  1815  1646  1387 -1587 -1745 -1980 -2744 -1963 -1815 -2047  -621
  -1030  -314    95  -138  1083  1407  2134  2475  2475  2603  1897  1872
   -232  -688  -670 -1429  -373  -424 -1361   686  -252   350   569   231
   1645  1067  1967  2157  2129  2575  1992  2496  -296  -955  -484 -1764
   -647  -296 -1878   566  -287   303   660   212  1727  1066  1841  2441
   1817  2522  1724  2093  -724 -1042  -305 -1455  -499  -512 -1752    76
   -819   -77   175  -279   887   321   849   970   852  1346   922   570
    -37   -90   463 -1073   346   308 -1459   516  -478    95   494  -292
   1056   382   793   895   814  1206  1096   876   980  1197  1151   -32
   1228   815   128  1390   -88  1035  1044   467  1320   593  1227  1176
    886  1478   795  1193  1178  1377  1620   214  1070   433  -543   180
  -1332  -420  -156  -473   437  -289   307   166    40   553   -57   363
   1792  1801  2149   937  1876   969  -391   325 -1278  -928 -1085 -1515
   -911 -2160 -2306 -2422 -2799 -2303 -2189 -1778  2570  2671  3322  1858
   3253  2831  1159  2347   180   507   286 -1207  -738 -2517 -3104 -3595
  -4381 -4026 -3287 -2981  2391  2709  3019  1975  3648  3604  2338  3638
   1535  1826  1369  -531  -159 -1969 -2413 -2647 -3470 -2818 -2704 -2309
   1359  1606  2342   922  2464  2695  1315  2324   742  1229   977  -559
   -296 -1355 -1665 -1863 -2132 -1791 -1654 -1186   606   721  1617    83
   1484  1378   -51  1057   -18   591   252  -853  -644 -1498 -1825 -1687
  -1725 -1618 -1523 -1253   122  -322  1266  -149  1446  1483    16  1184
   -590   780   371  -804  -198 -1384 -1777 -1652 -1969 -2080 -1162 -1351
    -37  -955  1007  -394  1311  1685    60  1681   294  1115   882  -382
    307 -1145 -1818 -1847 -1840 -1627  -761 -1053  -400  -942    85  -723
   1016  1065  -375  1173    32   389   480    15   208  -688  -825 -1212
   -745  -633  -567  -137]
 [  -56 -1048  -449   260   783  2089  2887  3571  2990  3958  2653   898
    728  -430   475  -758  -400  1027  1266  2174 -2130 -3243 -2472 -2136
  -1185   176   939  2059  1298  2267  1168 -1055  -873 -2426 -1537 -2977
  -2533 -1022 -1506   142  -844 -1780 -1526 -2189 -1199  -787   -23  1062
    648  2915  1334  -123   450 -1123  -491 -2281 -2010 -1481 -1712  -204
   2845  1701  1636  -452   804   637   722  1833  1493  4902  3412  3128
   4595  2942  3209  1925  1265   750     9   870  1554  -494    -9 -1237
   -418   747  1154  1823   935  3046  2339  1448  1797   785  1201   560
    927   517  -590   460  -188 -1818 -1644 -2190 -1361   115   925  1530
   1192  2585  1934   561   464  -667  -872 -1089 -1261  -471 -1188   489
    175 -1795 -1131 -1664  -669   306  -281   691  -273  1949  1293  -692
    898  -982   197  -732 -1022    44 -1560   601  -324 -2686 -1543 -1996
  -1351   -88  -933   677  -172  2233  1415 -1182   683 -1246  -106 -1138
  -1721  -323 -1964   361  -277 -2301  -589 -1369  -876  -467  -875   -47
  -1150  1514   618  -989   244  -822    -6  -912 -1378  -470 -1648  -465
    843 -1421   538  -608  -347   158 -1312  -632 -1951  1092   103 -1217
   1196    85   995   204  -291  -164 -1747  -429  -719 -2091 -1021 -1098
   -232    90   -41  -121 -1557   900  -330 -1899  -726 -1826  -430  -832
   -905  -502 -1397   215   183 -1877 -1209 -1303  -458  -290  -621  -519
  -2013   662  -252 -1853  -645 -1563  -273  -923 -1285  -817 -2014  -518
    517 -1181   510  -215   855   616  -398  -787 -2694    34 -1269 -2685
  -1005 -1125   529  -357  -405  -227  -965   221   671  -900  2077  1247
   2634  2212   280    41 -2690   143 -1562 -2961  -659 -1081  1975  1540
    990  1351   317   996   953  -494  2091  1971  3300  3045   821   533
  -1555  1345  -473 -1891   627   235  2706  2117  1268  2129   436  1673
   2218   493  2740  1964  2958  2515   311   444 -1360  1715   792  -680
   1825  1615  3793  3018  2194  2284   734  2132  2735   897  2993  2021
   2386  1796  -332  -290 -1996   764    75 -1440   862  1002  2919  2587
   1815  1471   452  1791  2349    62  2477  1079  1741   753 -1916 -1835
  -4355 -1461 -2607 -4063 -1183 -1208  1130  1655  1001   786   -81  1102
   1661  -809  1981   833  1362   536 -2447 -2577 -5392 -2284 -3049 -4705
  -1726 -2017   620   909   393   247  -415  1088   723 -1829   404  -326
   -130  -905 -3461 -3813 -5661 -2494 -3485 -4418 -2413 -2045   239  -226
   -290  -745 -1648   554]
 [ 2296  3146  1869  1879   654    11   -49  -115   729    85   577  2295
   2328  2338  1288  2403  1672   776  1105   493  -279   353  -811  -505
  -1663 -2625 -2651 -2867 -1593 -2600 -1642   506  -119   714  -437   688
     73 -1036  -708 -1918  -292    95  -792   209 -1447 -1426 -1832 -1981
  -1329 -2894 -1305    37  -652   -18  -307   950    52   242   167 -1042
   1086  2223  1362  3727  1643  1861  1899  1620  1816  -882   510  1942
    662  1757  1415  2931  2303  2886  3088  1821   104  1640   551  1992
    888   544   -40   114  1467  -623  -120  1074   437  1487   712  1687
    729   950  1386   992   -93   922   269   963  -493 -1287 -1579  -752
   -250 -1559  -690  1049   322  1041   852   912   354    43   395  -276
  -1273   861  -119   880  -345 -1765  -533  -565   559 -1356  -952  1537
   -363   928  -445   -76    96  -307  1094  -880 -1725   742  -542   881
   -809 -2490  -697  -967   384 -1852 -1891  1398  -728   706  -652   -21
    211  -575   686 -1583 -2051   318 -1135   241  -793 -1602  -724  -670
    491 -2080 -1544   400  -761  -213 -1393  -364  -290  -676   261 -1230
  -1840   672 -1003   812  -432  -879   528     7  1255 -1845 -1251   968
  -1096   -49 -1777  -452   -59    42  1436  -669 -1776   369 -1130    59
  -1065 -1596  -959  -160  1022 -1727 -1073   619   -95   465 -1716 -1214
   -860 -1042   -72 -1349 -2398  -402 -1648  -616 -1363 -2054 -1357  -488
    836 -1919 -1551   103  -449   324 -2349 -1510 -1095  -945  -102 -1200
  -2453  -629 -2181  -566 -1671 -1780  -623   189  1343 -1545 -1158   506
    100  -104 -1992  -774  -637   -21   746  -308 -2448    39 -1448   429
  -1315  -897   646  1038  2445 -1228  -577  1420   175   962  -906   600
   1119  1689  2380   640 -2064   782  -372  1796   141   392  2286  2837
   4056   389   836  3167  1429  2232  -144   811  1612  1894  2679   686
  -1019  1975   501  2781  1397  1206  3531  3946  5412  2088  2167  4256
   2754  3346   747  1555  1765  2015  2962   802    33  2733  1432  3229
   1912  1781  3863  3996  4993  1544  1495  3130  1774  1895  -295   638
    907  1442  2222   471 -1488  1338  -615  1468  -422  -436  2087  2250
   3423  -369  -369  1160 -1438 -1085 -3508 -2309 -2393 -1364  -642 -1917
  -2330   419 -1364   764  -995 -1617  1220  1039  2468 -1871 -1864    13
  -2610 -2117 -4266 -3513 -3503 -2394 -1576 -2756 -2911  -293 -1648  -373
  -1982 -3086  -576  -553   192 -3895 -3428 -1491 -2983 -2823 -4409 -3898
  -3753 -2917 -2249 -2880]
 [-2465 -1246 -2079 -1258   459   265  2535  1335  2047   573  -620  1194
   -532  -696 -1231  -210   230  -796   820  -270 -2746 -1277 -2067 -1311
   1253   188  3099  1811  3022  1600  -241  1968  -856  -184 -1419  -138
    -81 -1466  1413  -249 -1978  -341 -2724 -1168  -163  -481  2385  1178
   2556   717   865  1994  -444   330 -1081   630  -856 -1515   583  -858
  -1397   134 -3163 -1393 -1299 -2075   713  -487  1648  -827   961  2300
    -28   928  -556   135 -1257 -2122  -299 -2705 -2388  -583 -2481  -957
    436 -1359  1184   283  2693    97   225  1636    18  1659  -262   343
   -545 -1238  1471 -1306 -2165 -1576 -2041  -880   639  -249  1835  2089
   2789   812   -20  1748   342   501  -488  -505  -118 -1004  1586  -365
  -1909  -221  -780 -1190   907 -1354  2101  1446  2047    19  -604  3187
   -306  1050  -411    84  1448 -1328  2336 -1730 -2355   220  -939 -1642
   1056 -2274  2208  1309  1920   293  -935  3559  -886   813 -1108   -90
   1756 -1753  2217 -1684 -1831   960 -1414 -1254   295 -1958  1031   122
   1106  -818  -685  2054  -149   507 -1035   374   985 -1362  1219 -1661
  -1525  1880  -867 -1107    89 -2665   978  -404   463 -1812  -571  2868
    -41  1593  -437   813  1282 -1178  1521 -2202 -1720  1185   -38   -70
    857 -1168  1782   745  1580 -1378 -1052  1533  -170  1303  -872   423
   1667   141  2161 -1034 -1228  1872   309     0   615 -1511  1394   573
   1357 -1272 -1221  1495    82  1585 -1111    20  1232  -127  1708 -1694
   -665  3226  1220  1401   943 -1509  1205   -68   756 -3038 -2043   822
   -501   720 -1646   -59   930   -27  1364 -2246  -778  4296  1793  2252
   1899  -928  1971  -505   582 -3523 -2654   700 -1311   734 -2250  -224
    544  -339  1194 -2825  -932  3357  2038  1843  2041 -1092  1849    92
     10 -3787 -3208   946 -1156   755 -1705  -493  1278  -386  1467 -2864
  -1236  3158  1606   811   741 -2620   641 -1023  -936 -4335 -3597   622
  -1408   723 -1522  -495  1632  -136  1230 -2877 -1307  2800   984   398
     34 -2875  -381 -1778 -1490 -4558 -3394   557 -1033   680 -1124    25
   1449  -174   727 -2703  -785  3801  1550  1271  1226 -2334   132 -2120
  -1569 -5354 -3412  1066  -681  1934  -253  1464  2730   994  2158 -2289
   -683  3990  1850  1653  1683 -2052   800 -1417  -726 -4724 -3092  1771
   -153  2547  -141  1508  3409  1595  2839 -1705 -1108  3561  1373  1092
   1142 -1511  1095  -855  -289 -3905 -1940  1957   226  2326  -677  1263
   3096  1693  2529 -1495]
 [ -368    29 -1621   -10 -1462   -22   177  -762  2070  1073  1636  -175
    122  1158  -624   249 -2445  -491  -815  -521  -471   745 -1682   421
  -1620  -154  1043  -459  2359   971  2198   250    99  1796 -1194   969
  -2954  -518 -1078 -1065   683   940  -848   882 -1542   555  -152  -270
   1688   701  1859  -621  1529  1569  -239  1112 -2383   306 -1538  -876
    313  1257 -1337  1544 -2412   959 -2225 -1452  -113  -776   475 -1730
    720  1792  -319  2032 -2247  1178 -1950  -367  -182  1537 -2117  1075
  -2174  1183  -615 -1429   127  -441  1455  -849  -148  1118  -910  2068
  -2449   514 -1634    54  -111   916 -2107    27 -1345   790   -85 -1065
    539  1317  1487   330   -84  1634  -658  1067 -2281  -650  -955  -580
   -970  1882 -2279  1321  -835   443   345 -1905  1750   142  1835  -148
   -652  2935 -1771  2573 -2796   433    50  -628 -1737  2656 -2704  1288
   -842    50   693 -2245  2254    46  2026  -187  -488  3668 -2041  3192
  -2931   484   536  -980 -1032  1997 -2190  1723  -917   691   -53  -992
    979   574  1178  -840   -82  2536 -1007  2548 -2429  1317   232    34
  -1130  2682 -2502  2274  -899   840  -444 -1726  1235  -268   654 -1906
   -464  2783 -1266  3306 -2380  1815   529   191  -718  1562 -2379  1175
   -865  1078    48 -1372  1018   581  1257 -1036  -715  1968  -706  2571
  -2227  1214   506   856   -22  1834 -1713  1529  -807   931  -150 -1901
    462   197  1236 -1652  -800  1643  -399  2777 -2397  1497   503   887
   -131  1997 -1585  2199  -761  2069  -789 -1790    84  -495   360 -3416
  -1868   704 -1158  2260 -2779  1740   596  1457   -52  2204 -2528  2910
   -784  2828   -92 -1559   648  -298   524 -4132 -2084   163 -2195  2359
  -3935  2294   544  1715  -840  1889 -2729  2410   -40  2452   121 -1255
    462    45   -34 -3940 -2775   993 -2474  2318 -3810  1629   479  1079
  -1253  1794 -2638  2377    12  2241    74 -1820   638  -454   164 -3748
  -2857   756 -2492  1987 -3587  1600   368  1117 -1234   956 -2574  1979
   -244  1728  -155 -1919   852  -160   207 -3361 -2250   467 -2081  1550
  -3219  1381   205  1091 -1440  1186 -2892  2435  -380  2578   484 -1445
   1657   -17   912 -3511 -1786   874 -2325  2521 -3417  2157   726  1727
  -1765  1171 -3435  2355  -333  2811   676 -1201  2349   419  1480 -3060
  -1683  1323 -2276  2834 -3237  2367  1245  1777 -1250   887 -3278  2044
   -192  2193    85 -1267  1757   790  1653 -2883  -830  1686 -1029  2423
  -2390  2379   979  2228]
 [ -265   775   109   858  1387  1478  2134  -449 -1305 -1413 -1241 -2181
  -3313 -1631  -304  1818  1171  2360  2798  2177 -1689    -9  -529   712
   1255   394  1552 -1013 -1583 -1970 -2191 -3492 -3514 -1113  -774   872
    435  3069  3731  2380 -1501  -852 -2035   -42   489   315   841  -583
   -436   -86  -460 -3297 -2223  -913 -1039    60  -364  2337  3160  2563
   -694    18 -2319  -133   -26  1565  2051  1579  1735  2922  2961  -502
   -192   454  -531    27  -836  1787  2158  2740 -1368   491  -867   458
   -424   486  1623   919   149  -535   765  -849 -1102   212 -1413  -398
    323  2242  1887  1157 -1156   476  -655   357   119   866  1619   164
  -1255 -1240  -891 -2061 -2606 -1113 -1580  -254   852  2579  2516  1549
  -1024   756 -1777  -932   504   367  1253 -1122 -1446  -700   512 -1529
  -2748  -495 -1580    31  -358   418  1173   630 -1353  1177 -2038  -966
    991   723  1971  -866 -1348  -501   973 -1782 -3155  -365 -1939   375
   -132  -142  1594  1193  -560  1535 -1698  -237   973   658  1279    29
   -890    76  1869 -1110 -1810   200  -870   472  -832  -247   930   702
   -448  1794 -2181  -890   492   237   953  -471  -619   802  3081  -271
  -1067  1276 -1168   444 -1292 -1011   -69   -88  -223  2073  -931  -138
    512   594  1434  -706 -2213 -1169  1565  -541 -1743  -226 -1519   465
   -639  -344  -763  -524  -824  1429 -1725  -907   238   617  1474    47
  -1375  -594  2294   362  -915  -244 -1390   291  -962  -777 -1046  -934
   -115  1798 -1734  -752  -334   413   865  -523 -1731    18  3540  1357
    638  1586   289  1768  -311 -1031 -1831 -1446   190  2979 -1506  -626
   -209  -172   281 -1168 -2230    40  4207  1548  1399  2500   559  2838
   -592 -1951 -2651 -2318   744  3558 -1508 -1343  -453  -303   -27 -1807
  -2541   535  4957  1917   978  2519   575  2539  -414 -2333 -2730 -2334
   1351  3530 -1551 -1498  -866  -362   667 -1331 -1921   983  5565  2808
   1603  2940   589  2249  -348 -2096 -2214 -1864  1875  3470 -1165  -983
   -607  -342   738 -1379 -2017   684  5091  2277  1228  2233   537  1597
   -439 -1680 -1622 -1062  2105  4120  -814  -795 -1019 -1050  -215 -2419
  -3323  -275  4472  1343   820  2225   141  1650  -971 -2219 -2538 -1756
   2107  4374  -775  -741 -1156 -1228  -765 -3247 -3715  -996  3985   670
    101  1720  -278  1943 -1002 -2426 -2624 -1687  1887  3588 -1761 -1409
   -871  -909  -921 -2838 -3128  -871  3794   -59  -948   726  -538  1103
  -1029 -1917 -2067  -915]
 [-1035  -269  -559   592  -674  1712  -143   812   215 -2544  -696 -1037
    228 -1813 -1323   822   757  1176  -489  1558  -595  -352  -936  1245
   -420  2486  -285   714  1191 -2673    97 -1073   259 -1726  -976  1352
    374  1628  -864  2170   192 -1618  -230   231  -912  2503  -187  1325
    520 -1433   912    65   309 -2498   216   697   793  1281 -1119  2389
    501 -1842  -718   314 -1877  1490  -765  2178   805 -1007  1252   957
    936 -2332   417   219  -492   781 -1691  1986  -642 -1518  -850  1137
  -1183  1128 -1494  1341  1755 -1237    85  -527  1405 -1086   377   306
   -721  1848  -977  1811 -1404 -1614  -723  1269  -348   686  -340  1068
   1434 -1716  -478  -128   454  -899  -781   416   -86  1479  -233  1093
   -955  -718 -1734  1796 -2434  1113  -308   370  1744 -3192   839  -356
   1406 -1400 -1247  1153 -1398  1760 -2364   546  -942  -145 -1780  2585
  -3146  1717    76   320  2597 -3690  1050   134  1549 -1699 -1234  1208
  -1424  2577 -2954   792   366  -455  -261  1811 -2185  1896  -918   953
   2047 -2519   390  1328  1913 -1755  -391   752  -621  1712 -2506   866
    932  -614  -468  2121 -2916  1463 -1107  1105  1687 -3099   956  1635
   2212 -2015    39   861 -1215  2107 -2924   795   -43  -604   589  1961
  -1853  1248 -1119   987  1689 -3071  -531   312  1885 -1274  -881   136
   -335  2334 -2274   109    33  -712   586  1694 -2033  1204 -1107  1290
   2151 -2720  -547   494  2297 -1094  -896  -178  -442  1967 -2627     5
    657  -375  1113  1972 -2042   926 -1278  1779  1449 -2716  -778  1131
   2918 -1463  -394  -107  -128  1829 -3114  -134  1290  -767  1688  2430
  -3033  1545 -1600  1710  1394 -3369  -468  1248  3355 -1585   446  -109
   -290  2194 -4351  -169   645  -481  1245  2645 -3209   703 -1355  1067
   1596 -3751  -350  1758  3141 -1411  -497   261  -491  2499 -4037  -599
    420  -281  1020  2482 -3349   145 -1525   972  1289 -3812  -327  1399
   3256 -1408  -633   396  -617  2647 -3659  -345   231  -220  1037  1690
  -3041  -466 -1794   745   757 -3758  -443  1339  2954 -1446  -353   434
     68  2623 -2783  -329  1012  -211  1482  2503 -3263  -364 -2606   808
    562 -4445  -406  1093  3086 -1406   267   860   377  3258 -3228   374
   1216   112  1376  2938 -3602   -29 -2395   783   457 -4727  -340   872
   3424 -1797    75  1068   134  3665 -3264   243  1229   335  1713  2351
  -3116   494 -1598  1187   585 -3816   120  1505  3508 -1829   -70   896
    195  3252 -2760   -29]
 [  -77  -642   624   734  1464  1437  -176   114  1101    91 -1998 -1037
    193   810   -34  -438  1260  2292  2160   908  -475 -1026   142   451
    988  1004   -81  -159   575 -1013 -2645 -1497   -61    57  -663  -118
   1341  2433  1329   396 -1080 -2196  -271   256   -27  -228  -348    -1
   1039 -1107 -3451 -1195   152  -569 -2040  -606   739  1723    89  -377
   -187 -2309  -757   149   252  -755  -223   859  2281    52 -2325  -416
    287  -263 -2617 -1233  -687  1061  -285  -908   949   -18   353  -236
   1197  1389   748  -117  1637   891  -599   -88   -98   693  -328   668
    327  1089   692   379   988   -90   613   735  1983  1916  1039   410
   2126  1502  -746  -761   -78  1161    73   821  1131  2057  1526  1329
   1337  -746   215   746  1798   220    32   621  2758  1848 -1635 -1075
   1041  1667  -773  -417   457  2247  1388  -231   614 -1935  -715   427
   1213  -867  -963  -413  2097  1067 -3107 -1887   385   709 -1830 -1687
  -1108  2132   878 -1682  -101 -2869 -1805 -1188  -928 -1975 -2310 -2302
    434  -341 -3877 -2540  -447  -979 -2594 -3143 -2502   538  -973 -2973
    641 -2343 -1814  -922  -309 -1935 -2015 -1612  1674   715 -3070 -1538
    787    10 -2174 -2191 -1893  1070  -373 -2739  1822 -1321 -1123  -289
    579  -469 -1991 -1983  1696  1439 -2570 -2246   238  1055  -589 -1403
  -1593  1423  1037 -1499  1838 -1639 -1231  -122  1009  -209 -1344 -1664
   2106  1757 -1995 -2231   129  1539    96 -1230 -1506  1283  1159 -1349
   2450  -876  -559   810  1312  -385 -1542 -1237  2426  2183 -1493 -1004
   1486  2893   837  -158  -604  2162  1503 -1098  3744  -120   -90  1779
   1932  -402 -1880 -1617  2403  2245 -1992    72  2729  4391  1933   389
   -753  2675  1463 -1610  4784   254   487  2015  2502  -906 -2385 -1722
   2695  2491 -1869  -267  3118  4558  1153  -813 -1711  2237  1408 -2015
   3836  -293  -338  1462  1595 -1186 -3065 -2023  2119  2300 -1639 -1136
   1751  3026  -171 -2182 -2667   343   -17 -3146  2924  -924  -646   702
    844 -1210 -3296 -1973  1814  1797 -1884 -1160  1399  2630   -77 -2156
  -2422   293  -313 -3268  2747 -1255  -923   760  1045 -1272 -3165 -2504
   1578  1981 -1313  -715  2063  3123   461 -1360 -1890   974    42 -3611
   2603 -1346 -1084   940  1519 -1191 -2840 -2005  2339  2713  -748  -455
   2772  4169   904  -879 -1513  1115   503 -3139  2420 -1338 -1579   890
   1271 -1124 -2115  -967  2836  2455 -1317  -528  3162  4125   569 -1389
  -1669  1186   811 -2927]
 [-1645 -1048  -313 -1383  -918 -1264 -1578 -1303  -719 -1202 -1687 -1608
  -1072  -629  -945 -1011  -164   518   816   435  -684  -458  -226 -1373
   -460  -691  -488  -156   135  -265 -1080   -17   -34   446   -33   466
   1241  1448  1827  1263    88   357   153  -592  -252  -595   266   790
   1065   264   -82  1035   939  1129   835  1290  1661  2327  1774  1102
   1577  1615  1057   181  1331   237   894  1931  2013  1259  1338  2248
   1863  1921   834  1093  1495  2215   975   809    66  -657 -1127 -1724
   -257  -612  -961 -1422  -509  -541 -1086  -730 -1202  -653  -892  -959
   -820  -361  -700  -846  -748 -1881 -2155 -2341  -964 -1392 -1761 -1732
  -1045 -1141 -2240 -2183 -2229 -1784 -1881 -1874 -1474 -1101 -1305 -1477
  -1439 -1456 -1770 -2247  -768 -1708 -1457 -1455  -709 -1243 -2693 -2015
  -2137 -1517 -2224 -2950 -2040 -1169 -1593 -2425   -12   216   615    82
   1199    34   314   675  1817  1084  -844   528   228   712  -366 -1543
   -599   988   385  -987  3808  3925  4105  3788  4891  4135  3704  4490
   5345  4294  2998  3865  3952  4184  3153  2400  2846  4148  3390  2247
   2314  2326  2236  1893  3454  2260  1984  2605  3644  2629  1391  2743
   2351  2481  1746   863  1125  2481  1823   127  1001   668   790   518
   2016  1046   354   567  2053  1436  -446   -16  -226   261  -132 -1572
  -1237   472    81 -1305  1101   522   749   212  2123  1368   258   300
   2103  1287  -698  -639  -626   434   -73 -1407 -1330   147  -349 -2045
    949   632   303   259  1756   410  -930 -1198  1033  -250 -1629 -1284
  -1412  -167 -1039 -2385 -2264  -786 -1764 -3131   -66 -1026  -897 -1081
   -217 -1713 -2898 -3072  -517 -1156 -2555 -1866 -1944  -315 -1669 -3096
  -3155 -1077 -1962 -3089 -1175 -2200 -2231 -2457 -1397 -2617 -3412 -2663
    258  -450 -2190 -1494 -1237    56  -812 -2780 -2669    84  -698 -2275
   -736 -1093 -1198 -1011   417  -583 -1529  -209  2129  1245  -580   710
   1486  2994  1978  -134  -151  1896   902  -868  -227  -328    61  -292
   1272   277 -1006   353  2165  1284  -264  1324  2065  3586  2705  1117
   1266  2718  1658   263   -42   -38    30  -409  1532    91 -1378  -529
   2022  1054  -693   653  1335  2738  1741   364   790  2299  1310  -120
   -187 -1082  -728  -972  1031  -642 -2409 -1735   214  -953 -2716 -1460
   -467   767  -202 -1300 -1038  1054   530  -866  -505 -1371  -671  -829
    447  -412 -2044 -1680   109 -1202 -3146 -2008 -1219    33  -971 -2079
  -1580   624  -243 -1168]
 [  495  -490    81   629  -357 -1063  1000   767   692   211    74  -266
   -201 -1188 -1629  -924  -559   181   257   762  1736   136  -147   886
    -99 -1159  1255   144   532   368   236  -216  -355 -1661 -2091  -777
   -745    73   648  1092  2148   881   247   807  -522 -1393  1466  -468
   -193   -33   403  -509   610 -1445 -2028  -261 -1404   427   641  1557
   2588  -125  1447   236  -450 -2216  2001 -1936   417  -472  1161  -996
   2300 -1244 -1125   543    70   -46   422  1042  1846  -626   111   307
    376 -2190  1682 -1990   248  -237   733 -2082  1208 -1569 -1600  -662
     89  -269   559   562  1016 -1194  -226   -88    87 -2060  1331 -1450
    371    18   -52 -1819   692 -1899 -2141 -1562    21  -689   303  1012
   -164 -1089   -18  -521  -650 -3271  1187 -2042  -158  -265   623 -1738
   1068 -1106 -2133   233   594  -734   307   963   583  -845   308   245
   -424 -3752  2162 -1393  -302   -69  1379 -1565  2126  -696 -2119  1254
    725  -511  1100  1152  2050  -379   848  1527   609 -2608  3467  -340
    299   992  2250  -571  3295    97  -404  2278  1494   149  1943  1483
   1411  -636   601  1060     1 -3141  3382 -1167   251   550  1812 -1130
   3396   257 -1084  2722  1554  -601  1574   968   506 -1820   -20  1220
   -221 -3267  2075  -805   595   426  1053 -1469  2475    59 -1563  2326
   1752  -254  1326  1196  1078 -1982  -464  1032  -553 -4119  1214 -1799
   -914  -689  -462 -2482  1962  -600 -1734  1898  1389  -133   901  1222
   1794 -1522   689  1337  -596 -4244  1131 -3149 -1746 -2037 -1244 -3301
   1815  -959 -1957  1817  2131  -228  1003  1370  3138  -229  1666  3270
    472 -4114  2360 -2500 -1567 -1504 -1150 -3419  2285 -1447 -1893  2181
    994  -978   533   364  3199  -617  2176  2976  1392 -4235  3300 -1304
   -512  -979   429 -2495  2895 -1182 -2729  1660   871 -2311  -484    34
   1813 -1746  1566  2311  1087 -2775  3675     1  1190   305  1434 -1636
   2945   -96 -2226  1342   839 -2605 -1087  -213   868 -3325   535  2068
    464 -2024  3729   315  1167   391  1230 -1149  2475   -56 -2576  1275
    758 -2922 -2217  -637  -828 -5079  -701  1428  -427 -2226  3792  -285
   1073   454  1110 -1344  3375   345 -2032  2006  1205 -2512 -1924  -801
  -1934 -5765 -1536   542  -446 -2415  3766  -255  1358   229   936 -1095
   3805   861 -1975  1953  1021 -2673 -1817  -752 -1183 -4411 -1560   986
   -127 -2294  3889   612   994    80   929 -1015  3457   802 -1841  2046
   1094 -2714 -1261  -167]
 [-1026 -1000  -182   251 -1017  -954  -575 -1487  -695  -997 -1360  -386
    787  1035  1227  1554   686   -62  -577  -721  -917  -813   -34   608
   -310    -7   105 -1270  -173  -827 -1226   610  1566  1865  1973  2019
    747    10  -293 -1144  -885 -1796  -566   558  -727   339   613  -996
    408  -807 -1358   238  1644  1287  1888  2468   375   500   -21 -1057
  -1056 -2497   -30   136  -961   220  1494 -1121   917  -989 -1589  -636
   1302  -171   710  1735   -76  -589   673  -460  -495 -1172  -255   -19
   -570   217  1562  -752   263  -733 -1067   152  1608   122   796  1997
     40  -727    52  -440  -225  -741   181   198  -231   598  1387  -543
   -314  -646 -1615   288  1824   864  1868  2605   827  -304   428  -488
   -361 -1272   297   269    58    30  1702  -636   319   120 -1404  -122
   1874   728   687  2199    11  -837  1446  -284   -83 -1719     7   705
     99  -439  2364  -980   355   507 -1649  -699  1627    97   539  2635
   -334 -1055  1542  -870    29 -2207  -862   960  -571  -826  2161 -1415
    121   176 -1964 -1263  1167 -1043  -303  1512 -1383 -1511   504 -1099
    193 -2024  -383  1139  -457  -609  2949 -1026   266   567 -1543 -1091
   1213 -1377  -804  1472 -1487 -1380  1312  -882  1193 -1139   189  1179
   -189   583  2678  -552   459   845  -868  -655  1093  -912  -803  1236
  -1172 -1535   509 -1086  1573 -1149   194  1511   263  1134  3741   745
   1732  2302   229   274  1863  -671  -274  1333 -1412 -1796  -284 -1566
    254 -2319  -801   476  -525   754  4031  1109  3015  3910  1862  1501
   3119   -40   -70  1133 -2888 -3397 -1274 -2222 -1678 -5048 -3160 -1336
  -2854 -1212  3866  -356  2802  3790  2020  1442  3144  -511  -894   669
  -3678 -3967 -1747 -2885 -1235 -5057 -2484 -1148 -2501 -1773  2711 -1669
    968  1980   179   -54  1991 -1235  -955  1152 -2230 -3174   232 -1116
    262 -2903  -288    36 -2037 -1644  1212 -2849 -1186  -259 -1310 -1208
    743 -1509  -612  2030  -270  -611  2672   931  1937  -694  1765  1437
  -1526  -813   925 -3042  -914   217  -958  -561   787  -867  -489  2502
   1358  1374  4087  2816  3836  1315  4183  2814 -1203  -556  1007 -3040
   -243   908  -748  -511   132 -2500 -2208  1739   437   269  3888  2434
   4871  2498  5066  3259 -1233 -1397   499 -3691 -1171   836 -1188 -1222
  -1266 -3739 -3290  1590   -83  -177  3592  1470  3812  1214  3723  2471
  -1683 -2335  -300 -4272 -1967   211 -1792 -2517 -1682 -4233 -3632  1436
    -16   175  2959   942]
 [ -521   670  1950   402   357  2607  1587  -772  -241   309   -79    91
  -1458 -1242   155  -124  -274  -705   170   366  -682  -344  1637   446
     80  2389  1084 -1059   308   -23 -1133  -750 -1842 -1551   221  -736
   -528  -499    63    12  -289  -371  1228   376    39  3137   905 -1219
    971   567 -1168  -236 -1621 -1211   824  -535 -1029    94   472    35
    391   340  1213   -86    96  3698   552 -1251  1177   809  -560   856
   -891  -630  1981   550  -904   265  2033  -693 -1342  -982  1446   576
  -1159  1516   346 -1409  1163    89 -1384   829   -89 -1218  1269   -31
  -1055  -233  1242 -1169 -1606 -1365   536  -513 -1127  1431    26 -1555
    556  -239 -1287   213  -220 -1478   658    63 -1510  -860   461 -1664
   -911  -809   391 -1344 -1436  1782   119 -1913  -572   735  -910   551
     -9 -2279   689   331 -1883 -1446   967 -1854  -269  -626   670 -1326
  -1849  2113   804 -2055  -361  1722 -1089  1440   336 -2019  1769  1277
  -1509  -683  2067 -2160   668  -269  1282  -268 -1855  2545  1370 -1343
   1373  2168   -95  2234  1068  -802  3420  2292  -478   807  3022  -729
    328  -456   875  -894 -2346  2402   620 -2247   712  2056  -985  2120
   1179 -1324  3132  1874 -1101   547  3264 -1290  -894 -1051  1131 -1133
  -2948  1300   196 -2103  -154   549 -1193  1822  1027 -1378  2223  1861
   -544   380  2503 -1100 -1258 -1740   584 -1502 -4223   696  -406 -2910
  -1222  -816 -2088   902   341 -1642  2372  1265  -829   625  2211  -758
  -1014  -664  1054 -1848 -4315   646 -1204 -3996 -2027 -1436 -2651   232
   -644 -2172  1942  1091 -1271   661  2987  -853  1981  1718  3465   436
  -3015  2594   484 -3648  -783  -354 -2255  1306   -63 -1947  3000  1176
  -1668   890  3237 -1166  2504  2570  4205  1804 -1612  3953  1765 -2185
   -175  1498  -805  1818   336 -2830  2412   789 -2754  -841  2611 -2798
   1602  2365  3666  1122 -1419  3680  2602  -516  1183  2353   358  2337
    584 -2522  1104    82 -3105 -1512  2103 -3063     6  1145  2596  -969
  -2539  2306  1149 -1260   458  1163  -604  1548   -54 -2672   187  -184
  -3613 -2230  1460 -3018 -1620  -247  1231 -2454 -3729  1424    56 -2228
    198   595 -1070  1604   209 -2578  1139   423 -3425 -1519  2828 -3007
  -2003  -659   221 -2972 -3786  1453   322 -1775   529  1017  -402  2296
    699 -1718  1732  1194 -2201  -264  4007 -2373 -1601  -592   142 -2393
  -3533  1945   885 -1561   940  2248   281  2615  1018 -1045  2424  1766
  -1694    93  4042 -1787]]
